Chiptime	ax(g)	ay(g)	az(g)	wx(deg/s)	wy(deg/s)	wz(deg/s)	AngleX(deg)	AngleY(deg)	AngleZ(deg)	T(°)	magx	magy	magz
 2024-12-17 5:5:41.201	0.0	0.0005	0.9995	0.0	0.0	0.0	0.049	0.038	-171.667	28.15	7196	54799	53102
 2024-12-17 5:5:41.221	-0.0005	0.001	0.9995	0.0	0.0	0.0	0.049	0.038	-171.667	28.13	7195	54803	53106
 2024-12-17 5:5:41.241	-0.001	0.0015	0.9995	0.0	0.0	0.0	0.049	0.038	-171.667	28.13	7202	54805	53099
 2024-12-17 5:5:41.261	-0.001	0.0015	0.9995	0.0	0.0	0.0	0.049	0.038	-171.667	28.17	7202	54801	53086
 2024-12-17 5:5:41.281	-0.0005	0.001	0.9995	0.0	0.0	0.0	0.049	0.038	-171.667	28.2	7206	54808	53084
 2024-12-17 5:5:41.471	0.0015	-0.001	1.0	0.0	0.0	0.0	0.049	0.038	-171.667	28.15	7219	54791	53097
 2024-12-17 5:5:41.491	0.0024	-0.001	0.9985	0.0	0.0	0.0	0.049	0.038	-171.667	28.17	7207	54789	53082
 2024-12-17 5:5:41.511	-0.0024	0.0024	0.999	0.0	0.0	0.0	0.049	0.033	-171.667	28.15	7210	54787	53085
 2024-12-17 5:5:41.531	-0.0029	0.0029	0.9995	0.0	0.0	0.0	0.049	0.038	-171.667	28.17	7206	54779	53097
 2024-12-17 5:5:41.556	0.0	0.0005	0.9995	0.0	0.0	0.0	0.049	0.038	-171.667	28.15	7213	54791	53107
 2024-12-17 5:5:41.576	0.0	-0.0005	0.9985	0.0	0.0	0.0	0.049	0.038	-171.667	28.18	7202	54775	53105
 2024-12-17 5:5:41.596	-0.0024	0.001	0.9995	0.0	0.0	0.0	0.049	0.038	-171.667	28.15	7198	54773	53101
 2024-12-17 5:5:41.616	0.001	0.0015	0.999	0.0	0.0	0.0	0.049	0.038	-171.667	28.18	7190	54779	53086
 2024-12-17 5:5:41.641	0.0	0.0005	0.999	0.0	0.0	0.0	0.049	0.038	-171.667	28.15	7190	54792	53097
 2024-12-17 5:5:41.661	-0.002	0.0	0.9995	0.0	0.0	0.0	0.049	0.038	-171.667	28.15	7195	54795	53099
 2024-12-17 5:5:41.681	-0.001	0.0005	0.9995	0.0	0.0	0.0	0.049	0.038	-171.667	28.13	7208	54789	53093
 2024-12-17 5:5:41.701	0.0	0.001	0.999	0.0	0.0	0.0	0.049	0.038	-171.667	28.18	7202	54791	53081
 2024-12-17 5:5:41.721	-0.0005	0.0015	0.9995	0.0	0.0	0.0	0.049	0.038	-171.667	28.18	7203	54784	53083
 2024-12-17 5:5:41.911	-0.001	0.0015	1.0	0.0	0.0	0.0	0.049	0.038	-171.667	28.21	7200	54782	53084
 2024-12-17 5:5:41.931	0.0	0.0005	0.9995	0.0	0.0	0.0	0.049	0.038	-171.667	28.2	7202	54784	53074
 2024-12-17 5:5:41.951	0.0	0.0	0.9995	0.0	0.0	0.0	0.049	0.038	-171.667	28.15	7206	54780	53079
 2024-12-17 5:5:41.971	-0.0005	0.001	0.999	0.0	0.0	0.0	0.049	0.038	-171.667	28.15	7212	54780	53095
 2024-12-17 5:5:41.996	-0.0005	0.002	0.999	0.0	0.0	0.0	0.049	0.038	-171.667	28.18	7212	54786	53094
 2024-12-17 5:5:42.16	-0.0005	0.0015	0.999	0.0	0.0	0.0	0.049	0.038	-171.667	28.17	7205	54782	53089
 2024-12-17 5:5:42.36	-0.001	0.0005	0.9995	0.0	0.0	0.0	0.049	0.038	-171.667	28.17	7206	54777	53079
 2024-12-17 5:5:42.56	-0.001	0.0005	1.0	0.0	0.0	0.0	0.049	0.038	-171.667	28.18	7206	54778	53074
 2024-12-17 5:5:42.81	-0.001	0.001	0.9995	0.0	0.0	0.0	0.049	0.038	-171.667	28.2	7211	54781	53078
 2024-12-17 5:5:42.101	0.0	0.0005	0.999	0.0	0.0	0.0	0.049	0.038	-171.667	28.17	7212	54786	53088
 2024-12-17 5:5:42.121	0.0	0.0005	0.9985	0.0	0.0	0.0	0.049	0.038	-171.667	28.2	7204	54788	53089
 2024-12-17 5:5:42.141	0.0	0.001	0.999	0.0	0.0	0.0	0.049	0.038	-171.667	28.2	7209	54794	53076
 2024-12-17 5:5:42.161	-0.001	0.002	0.9995	0.0	0.0	0.0	0.049	0.038	-171.667	28.18	7215	54801	53070
 2024-12-17 5:5:42.186	-0.001	0.0015	0.999	0.0	0.0	0.0	0.049	0.038	-171.667	28.18	7220	54794	53071
 2024-12-17 5:5:42.206	-0.0005	0.0005	0.999	0.0	0.0	0.0	0.049	0.038	-171.667	28.17	7226	54791	53089
 2024-12-17 5:5:42.226	0.0	0.0005	0.9995	0.0	0.0	0.0	0.049	0.038	-171.667	28.17	7219	54793	53099
 2024-12-17 5:5:42.246	0.0	0.0005	0.9985	0.0	0.0	0.0	0.049	0.038	-171.667	28.13	7208	54793	53105
 2024-12-17 5:5:42.266	-0.0005	0.001	1.0	0.0	0.0	0.0	0.049	0.038	-171.667	28.18	7211	54791	53100
 2024-12-17 5:5:42.291	0.0	0.0015	0.9985	0.0	0.0	0.0	0.049	0.038	-171.667	28.17	7221	54788	53111
 2024-12-17 5:5:42.311	0.0	0.0015	0.999	0.0	0.0	0.0	0.049	0.038	-171.667	28.18	7218	54798	53121
 2024-12-17 5:5:42.331	-0.0005	0.0005	0.999	0.0	0.0	0.0	0.049	0.038	-171.667	28.17	7214	54802	53121
 2024-12-17 5:5:42.351	-0.0005	0.001	0.999	0.0	0.0	0.0	0.049	0.038	-171.667	28.2	7212	54795	53108
 2024-12-17 5:5:42.376	-0.001	0.0005	0.9995	0.0	0.0	0.0	0.049	0.038	-171.667	28.15	7200	54783	53137
 2024-12-17 5:5:42.396	-0.0005	0.0005	0.9995	0.0	0.0	0.0	0.049	0.033	-171.667	28.18	7208	54787	53113
 2024-12-17 5:5:42.416	0.0	0.001	0.9995	0.0	0.0	0.0	0.049	0.033	-171.667	28.15	7215	54788	53106
 2024-12-17 5:5:42.436	-0.0005	0.0005	0.9985	0.0	0.0	0.0	0.049	0.033	-171.667	28.17	7216	54789	53115
 2024-12-17 5:5:42.456	-0.001	0.0005	0.999	0.0	0.0	0.0	0.049	0.033	-171.667	28.17	7199	54795	53123
 2024-12-17 5:5:42.481	0.0	0.001	0.9995	0.0	0.0	0.0	0.049	0.038	-171.667	28.2	7200	54797	53112
 2024-12-17 5:5:42.501	0.0	0.001	0.9995	0.0	0.0	0.0	0.049	0.038	-171.667	28.17	7197	54799	53110
 2024-12-17 5:5:42.521	0.0	0.001	0.9995	0.0	0.0	0.0	0.049	0.033	-171.667	28.15	7201	54795	53113
 2024-12-17 5:5:42.546	-0.001	0.0005	0.999	0.0	0.0	0.0	0.049	0.033	-171.667	28.17	7200	54792	53108
 2024-12-17 5:5:42.566	-0.001	0.0005	0.999	0.0	0.0	0.0	0.049	0.033	-171.667	28.13	7203	54800	53089
 2024-12-17 5:5:42.586	-0.001	0.0015	0.9995	0.0	0.0	0.0	0.049	0.033	-171.667	28.15	7204	54794	53098
 2024-12-17 5:5:42.606	0.0	0.0015	1.0	0.0	0.0	0.0	0.049	0.033	-171.667	28.15	7195	54791	53093
 2024-12-17 5:5:42.631	0.0	0.001	0.999	0.0	0.0	0.0	0.049	0.033	-171.667	28.18	7202	54793	53093
 2024-12-17 5:5:42.651	-0.0005	0.0005	0.9995	0.0	0.0	0.0	0.055	0.033	-171.667	28.17	7205	54791	53091
 2024-12-17 5:5:42.671	-0.0005	0.001	0.999	0.0	0.0	0.0	0.055	0.033	-171.667	28.15	7209	54801	53096
 2024-12-17 5:5:42.691	-0.0005	0.0005	0.999	0.0	0.0	0.0	0.055	0.033	-171.667	28.15	7205	54813	53089
 2024-12-17 5:5:42.711	-0.0015	0.0005	1.0	0.0	0.0	0.0	0.055	0.033	-171.667	28.17	7206	54813	53085
 2024-12-17 5:5:42.736	-0.0005	0.0015	0.999	0.0	0.0	0.0	0.055	0.033	-171.667	28.18	7210	54809	53083
 2024-12-17 5:5:42.756	0.0	0.0	1.0	0.0	0.0	0.0	0.055	0.033	-171.667	28.15	7205	54801	53075
 2024-12-17 5:5:42.776	0.0	0.0005	0.9995	0.0	0.0	0.0	0.055	0.033	-171.667	28.13	7199	54798	53073
 2024-12-17 5:5:42.801	-0.0005	0.001	0.9995	0.0	0.0	0.0	0.049	0.033	-171.667	28.18	7196	54791	53060
 2024-12-17 5:5:42.821	-0.0005	0.001	0.9995	0.0	0.0	0.0	0.049	0.033	-171.667	28.17	7197	54787	53075
 2024-12-17 5:5:42.841	-0.001	0.001	0.9995	0.0	0.0	0.0	0.049	0.033	-171.667	28.17	7193	54787	53070
 2024-12-17 5:5:42.861	-0.0005	0.0	0.999	0.0	0.0	0.0	0.049	0.033	-171.667	28.15	7189	54793	53071
 2024-12-17 5:5:42.881	-0.001	0.0005	0.9995	0.0	0.0	0.0	0.049	0.033	-171.667	28.17	7193	54794	53083
 2024-12-17 5:5:42.906	-0.0015	0.0005	0.9995	0.0	0.0	0.0	0.049	0.033	-171.667	28.15	7199	54803	53090
 2024-12-17 5:5:42.926	-0.0005	0.001	0.9995	0.0	0.0	0.0	0.049	0.038	-171.667	28.17	7195	54796	53086
 2024-12-17 5:5:42.946	-0.0005	0.0015	1.0	0.0	0.0	0.0	0.049	0.038	-171.667	28.17	7194	54799	53091
 2024-12-17 5:5:42.966	-0.0005	0.0005	0.9995	0.0	0.0	0.0	0.049	0.038	-171.667	28.18	7198	54797	53077
 2024-12-17 5:5:42.986	0.0	0.0	0.9995	0.0	0.0	0.0	0.049	0.038	-171.667	28.18	7200	54795	53074
 2024-12-17 5:5:43.6	-0.0015	0.001	1.0	0.0	0.0	0.0	0.049	0.038	-171.667	28.18	7203	54783	53070
 2024-12-17 5:5:43.31	-0.001	0.001	1.0	0.0	0.0	0.0	0.049	0.038	-171.667	28.17	7194	54786	53079
 2024-12-17 5:5:43.51	0.0	0.001	0.999	0.0	0.0	0.0	0.049	0.038	-171.667	28.15	7190	54781	53086
 2024-12-17 5:5:43.71	0.0	0.001	0.999	0.0	0.0	0.0	0.049	0.038	-171.667	28.17	7189	54786	53084
 2024-12-17 5:5:43.91	-0.0015	0.0015	0.999	0.0	0.0	0.0	0.049	0.038	-171.667	28.18	7182	54784	53083
 2024-12-17 5:5:43.111	-0.001	0.001	0.999	0.0	0.0	0.0	0.049	0.038	-171.667	28.18	7190	54779	53086
 2024-12-17 5:5:43.301	0.0	0.001	1.0	0.0	0.0	0.0	0.049	0.038	-171.667	28.18	7210	54792	53119
 2024-12-17 5:5:43.321	-0.0005	0.0015	0.9995	0.0	0.0	0.0	0.049	0.038	-171.667	28.15	7204	54786	53121
 2024-12-17 5:5:43.341	0.0	0.0005	0.9995	0.0	0.0	0.0	0.049	0.038	-171.667	28.17	7211	54779	53120
 2024-12-17 5:5:43.361	-0.001	0.0	0.999	0.0	0.0	0.0	0.049	0.038	-171.667	28.15	7216	54776	53120
 2024-12-17 5:5:43.381	0.0	0.0015	0.999	0.0	0.0	0.0	0.049	0.038	-171.667	28.17	7211	54779	53112
 2024-12-17 5:5:43.406	0.0	0.001	0.9995	0.0	0.0	0.0	0.049	0.038	-171.667	28.18	7209	54786	53101
 2024-12-17 5:5:43.426	-0.0005	0.0	1.0	0.0	0.0	0.0	0.049	0.038	-171.667	28.18	7214	54791	53102
 2024-12-17 5:5:43.446	-0.0005	0.0005	0.999	0.0	0.0	0.0	0.049	0.038	-171.667	28.15	7218	54791	53094
 2024-12-17 5:5:43.466	-0.0005	0.001	0.9995	0.0	0.0	0.0	0.049	0.038	-171.667	28.17	7219	54792	53106
 2024-12-17 5:5:43.656	-0.0005	0.001	0.9995	0.0	0.0	0.0	0.049	0.038	-171.667	28.18	7221	54788	53079
 2024-12-17 5:5:43.676	-0.0005	0.0005	0.9995	0.0	0.0	0.0	0.049	0.038	-171.667	28.17	7211	54793	53107
 2024-12-17 5:5:43.701	-0.001	0.0005	1.0	0.0	0.0	0.0	0.049	0.038	-171.667	28.2	7205	54794	53114
 2024-12-17 5:5:43.721	-0.0005	0.0	0.9995	0.0	0.0	0.0	0.049	0.038	-171.667	28.2	7203	54791	53112
 2024-12-17 5:5:43.741	0.0	0.0	0.9985	0.0	0.0	0.0	0.049	0.038	-171.667	28.17	7211	54792	53104
 2024-12-17 5:5:43.761	0.0	0.001	0.9995	0.0	0.0	0.0	0.049	0.038	-171.667	28.2	7207	54789	53104
 2024-12-17 5:5:43.781	-0.0005	0.0005	1.0	0.0	0.0	0.0	0.049	0.038	-171.667	28.17	7197	54788	53108
 2024-12-17 5:5:43.806	0.0	0.0	0.9995	0.0	0.0	0.0	0.049	0.038	-171.667	28.17	7211	54788	53092
 2024-12-17 5:5:43.826	0.0	0.0005	1.0	0.0	0.0	0.0	0.049	0.038	-171.667	28.17	7223	54794	53106
 2024-12-17 5:5:43.846	0.0	0.0015	0.9995	0.0	0.0	0.0	0.049	0.038	-171.667	28.2	7218	54797	53106
 2024-12-17 5:5:43.866	-0.0005	0.001	0.9995	0.0	0.0	0.0	0.049	0.038	-171.667	28.15	7213	54788	53102
 2024-12-17 5:5:43.886	-0.001	0.0	0.999	0.0	0.0	0.0	0.049	0.038	-171.667	28.15	7208	54783	53094
 2024-12-17 5:5:44.76	-0.0005	0.001	0.9995	0.0	0.0	0.0	0.049	0.038	-171.667	28.18	7208	54798	53103
 2024-12-17 5:5:44.96	-0.0005	0.0	0.9995	0.0	0.0	0.0	0.049	0.038	-171.667	28.18	7208	54798	53107
 2024-12-17 5:5:44.116	0.0	0.0	1.0	0.0	0.0	0.0	0.049	0.038	-171.667	28.17	7198	54790	53121
 2024-12-17 5:5:44.141	0.0	0.001	0.999	0.0	0.0	0.0	0.049	0.038	-171.667	28.17	7201	54788	53120
 2024-12-17 5:5:44.161	-0.0005	0.0015	0.9995	0.0	0.0	0.0	0.049	0.038	-171.667	28.18	7209	54788	53131
 2024-12-17 5:5:44.181	-0.0005	0.001	0.999	0.0	0.0	0.0	0.049	0.038	-171.667	28.17	7202	54792	53140
 2024-12-17 5:5:44.201	-0.0005	0.001	0.999	0.0	0.0	0.0	0.049	0.038	-171.667	28.15	7199	54792	53149
 2024-12-17 5:5:44.221	-0.001	0.001	0.9995	0.0	0.0	0.0	0.049	0.038	-171.667	28.17	7189	54790	53153
 2024-12-17 5:5:44.241	-0.0005	0.0005	0.999	0.0	0.0	0.0	0.049	0.038	-171.667	28.17	7191	54781	53155
 2024-12-17 5:5:44.266	-0.0015	0.0005	1.0	0.0	0.0	0.0	0.049	0.038	-171.667	28.17	7201	54785	53166
 2024-12-17 5:5:44.286	0.0	0.0015	0.9995	0.0	0.0	0.0	0.049	0.038	-171.667	28.18	7206	54778	53165
 2024-12-17 5:5:44.306	-0.0005	0.001	1.0	0.0	0.0	0.0	0.049	0.038	-171.667	28.18	7214	54787	53163
 2024-12-17 5:5:44.326	-0.0005	0.001	0.999	0.0	0.0	0.0	0.049	0.038	-171.667	28.15	7219	54788	53145
 2024-12-17 5:5:44.346	-0.001	0.0005	0.999	0.0	0.0	0.0	0.049	0.038	-171.667	28.17	7214	54793	53143
 2024-12-17 5:5:44.366	-0.001	0.0005	0.9995	0.0	0.0	0.0	0.049	0.038	-171.667	28.17	7208	54796	53131
 2024-12-17 5:5:44.391	0.0	0.0005	0.9995	0.0	0.0	0.0	0.049	0.038	-171.667	28.18	7210	54794	53124
 2024-12-17 5:5:44.411	-0.0005	0.0015	0.9995	0.0	0.0	0.0	0.049	0.038	-171.667	28.17	7213	54793	53127
 2024-12-17 5:5:44.431	-0.0005	0.0005	0.999	0.0	0.0	0.0	0.049	0.038	-171.667	28.17	7220	54796	53133
 2024-12-17 5:5:44.451	0.0	0.0005	0.9995	0.0	0.0	0.0	0.049	0.038	-171.667	28.17	7225	54794	53145
 2024-12-17 5:5:44.476	-0.001	0.0005	0.999	0.0	0.0	0.0	0.049	0.038	-171.667	28.17	7219	54794	53145
 2024-12-17 5:5:44.496	-0.001	0.0005	0.999	0.0	0.0	0.0	0.049	0.038	-171.667	28.13	7218	54796	53139
 2024-12-17 5:5:44.516	-0.001	0.0005	1.0	0.0	0.0	0.0	0.049	0.038	-171.667	28.13	7219	54792	53134
 2024-12-17 5:5:44.536	-0.001	0.001	0.9995	0.0	0.0	0.0	0.049	0.038	-171.667	28.15	7212	54785	53133
 2024-12-17 5:5:44.556	-0.001	0.001	0.9995	0.0	0.0	0.0	0.049	0.038	-171.667	28.17	7208	54783	53142
 2024-12-17 5:5:44.581	-0.0005	0.0015	1.0	0.0	0.0	0.0	0.049	0.038	-171.667	28.15	7206	54788	53133
 2024-12-17 5:5:44.601	-0.001	0.0005	0.999	0.0	0.0	0.0	0.049	0.038	-171.667	28.15	7200	54792	53137
 2024-12-17 5:5:44.621	-0.0005	0.0	0.9995	0.0	0.0	0.0	0.049	0.038	-171.667	28.17	7200	54789	53134
 2024-12-17 5:5:44.641	-0.0005	0.0005	0.999	0.0	0.0	0.0	0.049	0.038	-171.667	28.18	7200	54793	53134
 2024-12-17 5:5:44.666	0.0	0.0005	1.0	0.0	0.0	0.0	0.049	0.038	-171.667	28.15	7198	54800	53143
 2024-12-17 5:5:44.686	0.0	0.001	0.999	0.0	0.0	0.0	0.049	0.038	-171.667	28.18	7204	54803	53141
 2024-12-17 5:5:44.706	-0.001	0.002	0.9995	0.0	0.0	0.0	0.049	0.038	-171.667	28.18	7196	54799	53137
 2024-12-17 5:5:44.726	-0.0005	0.0	0.999	0.0	0.0	0.0	0.049	0.038	-171.667	28.17	7199	54788	53135
 2024-12-17 5:5:44.751	-0.0005	0.0005	0.9995	0.0	0.0	0.0	0.049	0.038	-171.667	28.15	7198	54787	53127
 2024-12-17 5:5:44.771	-0.001	0.0005	1.0	0.0	0.0	0.0	0.049	0.038	-171.667	28.17	7200	54797	53126
 2024-12-17 5:5:44.791	-0.0015	0.0015	1.0015	0.0	0.0	0.0	0.049	0.038	-171.667	28.17	7197	54795	53103
 2024-12-17 5:5:44.811	0.0005	0.0	0.9976	0.0	0.0	0.0	0.049	0.038	-171.667	28.18	7195	54797	53094
 2024-12-17 5:5:44.831	0.002	0.0	0.999	0.0	0.0	0.0	0.049	0.038	-171.667	28.17	7193	54798	53100
 2024-12-17 5:5:44.856	-0.0005	0.0005	0.999	0.0	0.0	0.0	0.049	0.038	-171.667	28.15	7192	54798	53103
 2024-12-17 5:5:44.876	-0.002	0.002	0.9995	0.0	0.0	0.0	0.049	0.038	-171.667	28.18	7187	54799	53117
 2024-12-17 5:5:44.896	-0.0005	0.001	0.9985	0.0	0.0	0.0	0.049	0.038	-171.667	28.15	7192	54804	53118
 2024-12-17 5:5:44.916	-0.0005	0.0005	1.0	0.0	0.0	0.0	0.049	0.038	-171.667	28.15	7202	54798	53115
 2024-12-17 5:5:44.936	-0.0005	0.001	0.9995	0.0	0.0	0.0	0.049	0.038	-171.667	28.2	7201	54795	53112
 2024-12-17 5:5:44.961	0.0	0.0005	0.9995	0.0	0.0	0.0	0.049	0.038	-171.667	28.15	7196	54795	53183
 2024-12-17 5:5:44.981	0.0	0.0005	0.9985	0.0	0.0	0.0	0.049	0.038	-171.667	28.15	7198	54802	53144
 2024-12-17 5:5:45.1	-0.0005	0.0	0.9995	0.0	0.0	0.0	0.049	0.038	-171.667	28.13	7193	54802	53139
 2024-12-17 5:5:45.21	-0.001	0.0	0.9995	0.0	0.0	0.0	0.049	0.038	-171.667	28.18	7198	54795	53142
 2024-12-17 5:5:45.41	-0.0005	0.0015	0.9995	0.0	0.0	0.0	0.049	0.038	-171.667	28.13	7197	54793	53150
 2024-12-17 5:5:45.66	0.0	0.0015	0.999	0.0	0.0	0.0	0.049	0.038	-171.667	28.17	7224	54817	53152
 2024-12-17 5:5:45.86	0.0	0.001	0.999	0.0	0.0	0.0	0.049	0.038	-171.667	28.13	7203	54794	53153
 2024-12-17 5:5:45.106	-0.0005	0.0005	0.999	0.0	0.0	0.0	0.049	0.038	-171.667	28.18	7207	54788	53163
 2024-12-17 5:5:45.126	-0.0054	0.0024	0.999	0.0	0.0	0.0	0.049	0.038	-171.667	28.15	7210	54789	53149
 2024-12-17 5:5:45.151	-0.0044	0.0034	1.0005	0.0	0.0	0.0	0.049	0.038	-171.667	28.15	7201	54797	53173
 2024-12-17 5:5:45.171	0.0049	-0.0005	1.0005	0.0	0.0	0.0	0.049	0.038	-171.667	28.18	7200	54790	53172
 2024-12-17 5:5:45.191	0.0044	-0.001	0.9985	0.0	0.0	0.0	0.049	0.038	-171.667	28.15	7204	54786	53152
 2024-12-17 5:5:45.211	-0.0029	0.001	1.0	0.0	0.0	0.0	0.049	0.038	-171.667	28.17	7205	54792	53142
 2024-12-17 5:5:45.236	-0.0039	0.0015	0.9995	0.0	0.0	0.0	0.049	0.038	-171.667	28.18	7196	54798	53144
 2024-12-17 5:5:45.256	0.0	0.001	0.999	0.0	0.0	0.0	0.049	0.038	-171.667	28.15	7199	54796	53137
 2024-12-17 5:5:45.276	0.0	0.0005	0.998	0.0	0.0	0.0	0.049	0.038	-171.667	28.17	7199	54795	53137
 2024-12-17 5:5:45.296	-0.0005	0.0015	1.0	0.0	0.0	0.0	0.049	0.038	-171.667	28.15	7196	54795	53137
 2024-12-17 5:5:45.316	0.0	0.002	1.0	0.0	0.0	0.0	0.049	0.038	-171.667	28.15	7191	54791	53127
 2024-12-17 5:5:45.341	-0.0034	0.0029	0.999	0.0	0.0	0.0	0.049	0.038	-171.667	28.15	7196	54802	53133
 2024-12-17 5:5:45.361	-0.0034	0.0	0.999	0.0	0.0	0.0	0.049	0.038	-171.667	28.15	7202	54794	53141
 2024-12-17 5:5:45.381	0.0	-0.001	0.9995	0.0	0.0	0.0	0.049	0.038	-171.667	28.17	7207	54786	53129
 2024-12-17 5:5:45.401	0.002	0.0	0.9995	0.0	0.0	0.0	0.049	0.038	-171.667	28.17	7204	54780	53128
 2024-12-17 5:5:45.591	-0.0024	0.0015	0.999	0.0	0.0	0.0	0.049	0.038	-171.667	28.15	7213	54804	53136
 2024-12-17 5:5:45.611	-0.0024	0.0039	0.999	0.0	0.0	0.0	0.049	0.038	-171.667	28.18	7211	54811	53133
 2024-12-17 5:5:45.801	-0.002	0.002	0.9995	0.0	0.0	0.0	0.049	0.038	-171.667	28.15	7206	54787	53107
 2024-12-17 5:5:45.821	-0.0005	0.0	0.9995	0.0	0.0	0.0	0.049	0.038	-171.667	28.15	7204	54791	53092
 2024-12-17 5:5:45.841	0.001	-0.001	0.9995	0.0	0.0	0.0	0.049	0.038	-171.667	28.13	7208	54792	53081
 2024-12-17 5:5:45.861	0.0	0.0005	1.0	0.0	0.0	0.0	0.049	0.038	-171.667	28.15	7209	54794	53081
 2024-12-17 5:5:45.886	-0.0015	0.0024	0.999	0.0	0.0	0.0	0.049	0.038	-171.667	28.2	7213	54795	53101
 2024-12-17 5:5:45.906	-0.0029	0.0015	0.999	0.0	0.0	0.0	0.049	0.038	-171.667	28.17	7207	54792	53099
 2024-12-17 5:5:45.926	-0.0015	0.0	1.0	0.0	0.0	0.0	0.049	0.038	-171.667	28.15	7201	54795	53091
 2024-12-17 5:5:45.946	0.001	0.0	1.0	0.0	0.0	0.0	0.049	0.038	-171.667	28.18	7202	54792	53083
 2024-12-17 5:5:45.966	0.001	0.0	1.0	0.0	0.0	0.0	0.049	0.038	-171.667	28.15	7195	54783	53076
 2024-12-17 5:5:45.991	-0.0015	0.002	0.9995	0.0	0.0	0.0	0.049	0.038	-171.667	28.13	7206	54786	53091
 2024-12-17 5:5:46.11	-0.0015	0.001	0.999	0.0	0.0	0.0	0.049	0.038	-171.667	28.15	7206	54798	53092
 2024-12-17 5:5:46.31	-0.0005	-0.0005	0.9985	0.0	0.0	0.0	0.049	0.038	-171.667	28.17	7200	54797	53091
 2024-12-17 5:5:46.221	0.0	0.0015	0.9995	0.0	0.0	0.0	0.049	0.038	-171.667	28.18	7211	54797	53122
 2024-12-17 5:5:46.241	-0.0029	0.001	0.9995	0.0	0.0	0.0	0.049	0.038	-171.667	28.12	7218	54794	53106
 2024-12-17 5:5:46.261	-0.002	0.0	0.9995	0.0	0.0	0.0	0.049	0.038	-171.667	28.18	7227	54787	53098
 2024-12-17 5:5:46.286	0.0005	0.0005	0.9995	0.0	0.0	0.0	0.049	0.038	-171.667	28.18	7225	54781	53093
 2024-12-17 5:5:46.306	0.001	0.0	0.999	0.0	0.0	0.0	0.049	0.038	-171.667	28.17	7221	54784	53097
 2024-12-17 5:5:46.326	0.0	0.0	0.9995	0.0	0.0	0.0	0.049	0.038	-171.667	28.15	7215	54793	53098
 2024-12-17 5:5:46.346	-0.0015	0.0	0.9995	0.0	0.0	0.0	0.049	0.038	-171.667	28.15	7214	54793	53101
 2024-12-17 5:5:46.366	-0.002	0.0005	0.9995	0.0	0.0	0.0	0.049	0.038	-171.667	28.12	7218	54794	53094
 2024-12-17 5:5:46.386	0.0	0.0015	0.999	0.0	0.0	0.0	0.049	0.038	-171.667	28.17	7218	54804	53087
 2024-12-17 5:5:46.411	0.0	0.0015	0.999	0.0	0.0	0.0	0.049	0.038	-171.667	28.17	7224	54804	53098
 2024-12-17 5:5:46.431	0.0005	0.0005	0.9995	0.0	0.0	0.0	0.049	0.038	-171.667	28.18	7222	54800	53110
 2024-12-17 5:5:46.451	0.0	0.0	1.0005	0.0	0.0	0.0	0.049	0.038	-171.667	28.15	7219	54802	53108
 2024-12-17 5:5:46.471	-0.0024	0.002	1.0024	0.0	0.0	0.0	0.049	0.038	-171.667	28.17	7208	54798	53120
 2024-12-17 5:5:46.661	0.001	0.0	0.999	0.0	0.0	0.0	0.049	0.038	-171.667	28.2	7200	54804	53127
 2024-12-17 5:5:46.681	-0.0015	0.001	0.9995	0.0	0.0	0.0	0.049	0.038	-171.667	28.18	7203	54801	53122
 2024-12-17 5:5:46.701	-0.002	0.0005	0.9995	0.0	0.0	0.0	0.049	0.038	-171.667	28.17	7204	54796	53121
 2024-12-17 5:5:46.726	-0.001	0.0005	0.999	0.0	0.0	0.0	0.049	0.038	-171.667	28.17	7207	54788	53103
 2024-12-17 5:5:46.746	0.0	0.0005	0.999	0.0	0.0	0.0	0.049	0.038	-171.667	28.15	7214	54780	53106
 2024-12-17 5:5:46.766	0.0	0.001	1.0	0.0	0.0	0.0	0.049	0.038	-171.667	28.15	7220	54789	53099
 2024-12-17 5:5:46.786	-0.0005	0.001	0.9995	0.0	0.0	0.0	0.049	0.038	-171.667	28.15	7217	54795	53089
 2024-12-17 5:5:46.806	-0.0005	0.0	0.999	0.0	0.0	0.0	0.049	0.038	-171.667	28.18	7215	54800	53084
 2024-12-17 5:5:46.831	-0.0005	0.0	0.9985	0.0	0.0	0.0	0.049	0.038	-171.667	28.18	7210	54800	53067
 2024-12-17 5:5:46.851	-0.0024	0.0029	1.0	0.0	0.0	0.0	0.049	0.038	-171.667	28.15	7208	54799	53069
 2024-12-17 5:5:46.871	-0.001	0.002	0.9995	0.0	0.0	0.0	0.049	0.038	-171.667	28.15	7208	54808	53088
 2024-12-17 5:5:46.891	0.0005	-0.0005	1.0	0.0	0.0	0.0	0.049	0.038	-171.667	28.12	7214	54815	53095
 2024-12-17 5:5:46.916	-0.0015	0.0	0.9995	0.0	0.0	0.0	0.049	0.038	-171.667	28.17	7217	54809	53098
 2024-12-17 5:5:46.936	-0.001	0.002	0.998	0.0	0.0	0.0	0.049	0.038	-171.667	28.18	7221	54816	53098
 2024-12-17 5:5:46.956	-0.0015	0.002	1.0	0.0	0.0	0.0	0.049	0.038	-171.667	28.17	7225	54821	53095
 2024-12-17 5:5:46.976	-0.0015	0.001	0.999	0.0	0.0	0.0	0.049	0.038	-171.667	28.15	7221	54815	53101
 2024-12-17 5:5:47.1	-0.0005	0.0005	1.0	0.0	0.0	0.0	0.049	0.038	-171.667	28.15	7214	54819	53102
 2024-12-17 5:5:47.21	0.0005	0.0005	0.998	0.0	0.0	0.0	0.049	0.038	-171.667	28.15	7212	54812	53115
 2024-12-17 5:5:47.41	-0.0005	0.0015	1.0005	0.0	0.0	0.0	0.049	0.038	-171.667	28.18	7214	54799	53127
 2024-12-17 5:5:47.61	-0.0005	0.0005	0.999	0.0	0.0	0.0	0.049	0.038	-171.667	28.18	7208	54800	53123
 2024-12-17 5:5:47.81	0.0	0.0	1.0	0.0	0.0	0.0	0.049	0.038	-171.667	28.18	7208	54802	53126
 2024-12-17 5:5:47.106	-0.001	0.0	0.999	0.0	0.0	0.0	0.049	0.038	-171.667	28.17	7207	54804	53127
 2024-12-17 5:5:47.126	-0.001	0.0015	0.9995	0.0	0.0	0.0	0.049	0.038	-171.667	28.17	7203	54811	53145
 2024-12-17 5:5:47.146	-0.001	0.001	0.9985	0.0	0.0	0.0	0.049	0.038	-171.667	28.18	7204	54804	53131
 2024-12-17 5:5:47.166	0.0	0.0005	1.0	0.0	0.0	0.0	0.049	0.038	-171.667	28.13	7207	54810	53118
 2024-12-17 5:5:47.186	0.0	0.0	0.9995	0.0	0.0	0.0	0.049	0.038	-171.667	28.2	7218	54808	53114
 2024-12-17 5:5:47.376	0.0015	-0.001	1.0	0.0	0.0	0.0	0.049	0.038	-171.667	28.15	7209	54797	53133
 2024-12-17 5:5:47.396	0.0	0.001	0.998	0.0	0.0	0.0	0.049	0.038	-171.667	28.15	7206	54794	53122
 2024-12-17 5:5:47.416	-0.0015	0.0024	1.0	0.0	0.0	0.0	0.049	0.038	-171.667	28.15	7200	54793	53108
 2024-12-17 5:5:47.441	-0.001	0.002	0.9995	0.0	0.0	0.0	0.049	0.033	-171.667	28.18	7203	54800	53104
 2024-12-17 5:5:47.461	-0.002	0.0005	0.999	0.0	0.0	0.0	0.049	0.033	-171.667	28.17	7210	54792	53102
 2024-12-17 5:5:47.481	-0.002	0.0005	0.9995	0.0	0.0	0.0	0.049	0.038	-171.667	28.2	7210	54794	53121
 2024-12-17 5:5:47.501	0.0	0.0	0.999	0.0	0.0	0.0	0.049	0.038	-171.667	28.15	7203	54795	53117
 2024-12-17 5:5:47.526	0.0	0.0005	0.9985	0.0	0.0	0.0	0.049	0.038	-171.667	28.15	7201	54789	53120
 2024-12-17 5:5:47.546	0.0	0.0005	1.0	0.0	0.0	0.0	0.049	0.038	-171.667	28.17	7200	54798	53123
 2024-12-17 5:5:47.566	0.0	-0.0005	0.999	0.0	0.0	0.0	0.049	0.038	-171.667	28.13	7198	54795	53120
 2024-12-17 5:5:47.586	-0.0005	0.001	1.0005	0.0	0.0	0.0	0.049	0.038	-171.667	28.18	7194	54798	53104
 2024-12-17 5:5:47.606	-0.002	0.002	0.9995	0.0	0.0	0.0	0.049	0.038	-171.667	28.15	7190	54799	53093
 2024-12-17 5:5:47.631	-0.001	0.0015	0.999	0.0	0.0	0.0	0.049	0.038	-171.667	28.15	7200	54799	53093
 2024-12-17 5:5:47.651	0.0	0.0	0.9995	0.0	0.0	0.0	0.049	0.038	-171.667	28.15	7205	54803	53090
 2024-12-17 5:5:47.671	0.0	0.0	0.999	0.0	0.0	0.0	0.049	0.038	-171.667	28.18	7205	54802	53102
 2024-12-17 5:5:47.691	-0.0005	0.0005	0.9995	0.0	0.0	0.0	0.049	0.038	-171.667	28.15	7198	54795	53118
 2024-12-17 5:5:47.711	-0.001	0.002	0.9995	0.0	0.0	0.0	0.049	0.038	-171.667	28.15	7194	54795	53124
 2024-12-17 5:5:47.736	0.0	0.0	0.999	0.0	0.0	0.0	0.049	0.038	-171.667	28.17	7211	54750	53079
 2024-12-17 5:5:47.756	0.0	0.0	0.9985	0.0	0.0	0.0	0.049	0.038	-171.667	28.15	7202	54781	53112
 2024-12-17 5:5:47.776	0.0	0.001	1.0	0.0	0.0	0.0	0.049	0.038	-171.667	28.15	7204	54788	53106
 2024-12-17 5:5:47.796	-0.0015	0.002	0.9995	0.0	0.0	0.0	0.049	0.038	-171.667	28.15	7205	54790	53101
 2024-12-17 5:5:47.816	0.0	0.0015	0.9995	0.0	0.0	0.0	0.049	0.038	-171.667	28.17	7204	54790	53097
 2024-12-17 5:5:48.6	-0.001	0.0024	0.9995	0.0	0.0	0.0	0.049	0.033	-171.667	28.13	7189	54804	53071
 2024-12-17 5:5:48.26	-0.0015	0.002	0.9995	0.0	0.0	0.0	0.049	0.033	-171.667	28.13	7185	54795	53090
 2024-12-17 5:5:48.46	-0.0005	0.0	0.9995	0.0	0.0	0.0	0.049	0.033	-171.667	28.15	7186	54792	53118
 2024-12-17 5:5:48.66	-0.0005	0.0005	1.0	0.0	0.0	0.0	0.049	0.033	-171.667	28.15	7189	54795	53107
 2024-12-17 5:5:48.86	0.0	0.001	0.999	0.0	0.0	0.0	0.049	0.033	-171.667	28.13	7198	54797	53076
 2024-12-17 5:5:48.276	-0.002	0.0029	1.002	0.0	0.0	0.0	0.049	0.038	-171.667	28.18	7192	54793	53098
 2024-12-17 5:5:48.296	0.0	0.001	0.998	0.0	0.0	0.0	0.049	0.038	-171.667	28.15	7193	54800	53104
 2024-12-17 5:5:48.316	0.0	0.0	0.9985	0.0	0.0	0.0	0.049	0.038	-171.667	28.15	7196	54799	53104
 2024-12-17 5:5:48.341	-0.0005	0.001	0.9995	0.0	0.0	0.0	0.049	0.038	-171.667	28.15	7202	54789	53144
 2024-12-17 5:5:48.361	-0.002	0.0015	0.999	0.0	0.0	0.0	0.049	0.038	-171.667	28.15	7209	54802	53116
 2024-12-17 5:5:48.381	-0.0005	0.0015	0.999	0.0	0.0	0.0	0.049	0.038	-171.667	28.17	7215	54798	53127
 2024-12-17 5:5:48.401	0.0	0.0	0.9995	0.0	0.0	0.0	0.049	0.038	-171.667	28.17	7210	54801	53136
 2024-12-17 5:5:48.426	0.0	0.0005	0.9976	0.0	0.0	0.0	0.049	0.038	-171.667	28.15	7204	54802	53134
 2024-12-17 5:5:48.446	-0.0005	0.0015	1.002	0.0	0.0	0.0	0.049	0.038	-171.667	28.13	7199	54796	53130
 2024-12-17 5:5:48.466	0.0	0.001	0.998	0.0	0.0	0.0	0.049	0.038	-171.667	28.17	7203	54801	53130
 2024-12-17 5:5:48.486	-0.0005	0.0005	1.0005	0.0	0.0	0.0	0.049	0.033	-171.667	28.18	7210	54802	53125
 2024-12-17 5:5:48.511	-0.001	0.0005	0.9985	0.0	0.0	0.0	0.049	0.033	-171.667	28.12	7207	54801	53115
 2024-12-17 5:5:48.531	-0.0005	0.001	0.9995	0.0	0.0	0.0	0.049	0.033	-171.667	28.17	7206	54798	53118
 2024-12-17 5:5:48.551	0.0	0.002	0.9995	0.0	0.0	0.0	0.049	0.033	-171.667	28.17	7209	54800	53115
 2024-12-17 5:5:48.571	-0.0015	0.001	0.9985	0.0	0.0	0.0	0.049	0.033	-171.667	28.17	7212	54800	53122
 2024-12-17 5:5:48.761	-0.0005	0.0005	0.9995	0.0	0.0	0.0	0.049	0.033	-171.667	28.18	7192	54809	53118
 2024-12-17 5:5:48.781	0.0005	-0.0005	0.9985	0.0	0.0	0.0	0.049	0.033	-171.667	28.18	7198	54806	53110
 2024-12-17 5:5:48.806	-0.0005	0.0	1.0	0.0	0.0	0.0	0.049	0.033	-171.667	28.15	7203	54799	53109
 2024-12-17 5:5:48.826	-0.0015	0.002	0.9995	0.0	0.0	0.0	0.049	0.033	-171.667	28.18	7187	54800	53117
 2024-12-17 5:5:48.846	-0.0005	0.002	0.9985	0.0	0.0	0.0	0.049	0.033	-171.667	28.17	7193	54801	53108
 2024-12-17 5:5:48.866	-0.0005	0.0005	1.0	0.0	0.0	0.0	0.049	0.033	-171.667	28.18	7195	54800	53099
 2024-12-17 5:5:48.886	-0.0015	0.001	0.999	0.0	0.0	0.0	0.049	0.033	-171.667	28.15	7200	54792	53085
 2024-12-17 5:5:48.911	-0.001	0.001	0.9995	0.0	0.0	0.0	0.049	0.033	-171.667	28.17	7200	54783	53084
 2024-12-17 5:5:48.931	-0.0005	0.0015	0.9985	0.0	0.0	0.0	0.049	0.038	-171.667	28.17	7197	54793	53092
 2024-12-17 5:5:48.951	-0.001	0.0015	0.999	0.0	0.0	0.0	0.049	0.038	-171.667	28.18	7195	54793	53089
 2024-12-17 5:5:48.971	-0.0005	0.0005	1.0005	0.0	0.0	0.0	0.049	0.038	-171.667	28.15	7193	54794	53090
 2024-12-17 5:5:48.996	0.0005	-0.0005	0.998	0.0	0.0	0.0	0.049	0.038	-171.667	28.18	7205	54800	53086
 2024-12-17 5:5:49.16	-0.0005	0.0	1.0	0.0	0.0	0.0	0.049	0.038	-171.667	28.17	7199	54810	53095
 2024-12-17 5:5:49.36	-0.0024	0.0024	0.9985	0.0	0.0	0.0	0.049	0.038	-171.667	28.17	7204	54810	53096
 2024-12-17 5:5:49.56	-0.001	0.002	0.9985	0.0	0.0	0.0	0.049	0.038	-171.667	28.15	7201	54800	53095
 2024-12-17 5:5:49.76	-0.0005	0.0005	0.999	0.0	0.0	0.0	0.049	0.038	-171.667	28.15	7209	54803	53096
 2024-12-17 5:5:49.101	-0.0005	0.001	1.0	0.0	0.0	0.0	0.049	0.038	-171.667	28.15	7211	54817	53089
 2024-12-17 5:5:49.121	-0.0005	0.001	0.9995	0.0	0.0	0.0	0.049	0.038	-171.667	28.17	7215	54813	53093
 2024-12-17 5:5:49.141	0.0	0.0005	0.999	0.0	0.0	0.0	0.049	0.038	-171.667	28.18	7205	54802	53102
 2024-12-17 5:5:49.161	-0.0005	0.0	0.9995	0.0	0.0	0.0	0.049	0.038	-171.667	28.17	7204	54799	53118
 2024-12-17 5:5:49.186	-0.0005	0.0	0.9995	0.0	0.0	0.0	0.049	0.038	-171.667	28.15	7206	54793	53109
 2024-12-17 5:5:49.206	-0.0005	0.001	1.0	0.0	0.0	0.0	0.049	0.038	-171.667	28.17	7206	54783	53108
 2024-12-17 5:5:49.226	-0.0005	0.0015	0.9995	0.0	0.0	0.0	0.049	0.038	-171.667	28.17	7205	54796	53121
 2024-12-17 5:5:49.246	-0.0005	0.0005	1.0	0.0	0.0	0.0	0.049	0.038	-171.667	28.17	7206	54792	53122
 2024-12-17 5:5:49.271	-0.0005	0.0	0.999	0.0	0.0	0.0	0.049	0.038	-171.667	28.17	7206	54796	53119
 2024-12-17 5:5:49.291	-0.0005	0.0005	0.9985	0.0	0.0	0.0	0.049	0.038	-171.667	28.17	7201	54800	53120
 2024-12-17 5:5:49.311	-0.002	0.0024	1.0005	0.0	0.0	0.0	0.049	0.038	-171.667	28.15	7204	54801	53121
 2024-12-17 5:5:49.331	-0.0005	0.002	1.0	0.0	0.0	0.0	0.049	0.038	-171.667	28.17	7205	54804	53139
 2024-12-17 5:5:49.351	0.001	0.0	0.999	0.0	0.0	0.0	0.049	0.038	-171.667	28.13	7220	54795	53156
 2024-12-17 5:5:49.376	0.0	0.0	0.999	0.0	0.0	0.0	0.049	0.038	-171.667	28.18	7210	54794	53142
 2024-12-17 5:5:49.396	-0.001	0.001	0.999	0.0	0.0	0.0	0.049	0.038	-171.667	28.18	7213	54793	53126
 2024-12-17 5:5:49.416	-0.002	0.002	0.9995	0.0	0.0	0.0	0.049	0.038	-171.667	28.15	7208	54796	53116
 2024-12-17 5:5:49.436	-0.0005	0.0	0.999	0.0	0.0	0.0	0.049	0.038	-171.667	28.17	7211	54791	53108
 2024-12-17 5:5:49.461	0.0	0.0	0.9995	0.0	0.0	0.0	0.049	0.038	-171.667	28.18	7219	54793	53105
 2024-12-17 5:5:49.481	0.0005	0.0015	0.9985	0.0	0.0	0.0	0.049	0.038	-171.667	28.17	7218	54796	53111
 2024-12-17 5:5:49.501	-0.001	0.002	1.0	0.0	0.0	0.0	0.049	0.038	-171.667	28.15	7213	54797	53123
 2024-12-17 5:5:49.521	-0.001	0.0005	0.9995	0.0	0.0	0.0	0.049	0.038	-171.667	28.15	7208	54800	53128
 2024-12-17 5:5:49.546	-0.0005	0.0	0.999	0.0	0.0	0.0	0.049	0.038	-171.667	28.15	7209	54807	53121
 2024-12-17 5:5:49.566	-0.0005	0.0005	1.001	0.0	0.0	0.0	0.049	0.038	-171.667	28.15	7186	54804	53111
 2024-12-17 5:5:49.586	0.0	0.0005	0.998	0.0	0.0	0.0	0.049	0.038	-171.667	28.17	7204	54816	53125
 2024-12-17 5:5:49.606	0.0	0.0005	0.9995	0.0	0.0	0.0	0.049	0.038	-171.667	28.18	7206	54815	53130
 2024-12-17 5:5:49.631	-0.0005	0.0	0.9985	0.0	0.0	0.0	0.049	0.038	-171.667	28.15	7220	54811	53130
 2024-12-17 5:5:49.651	-0.0005	0.0	1.0	0.0	0.0	0.0	0.049	0.038	-171.667	28.18	7219	54812	53130
 2024-12-17 5:5:49.671	-0.001	0.0015	0.9995	0.0	0.0	0.0	0.049	0.038	-171.667	28.15	7215	54813	53129
 2024-12-17 5:5:49.691	-0.0015	0.002	0.9995	0.0	0.0	0.0	0.049	0.038	-171.667	28.15	7215	54810	53132
 2024-12-17 5:5:49.711	0.0	0.001	0.9985	0.0	0.0	0.0	0.049	0.038	-171.667	28.15	7214	54802	53127
 2024-12-17 5:5:49.736	0.0	0.0005	1.001	0.0	0.0	0.0	0.049	0.038	-171.667	28.15	7211	54806	53112
 2024-12-17 5:5:49.756	0.0005	0.0	0.9985	0.0	0.0	0.0	0.049	0.038	-171.667	28.15	7208	54800	53117
 2024-12-17 5:5:49.776	0.0	0.0005	0.9995	0.0	0.0	0.0	0.049	0.038	-171.667	28.17	7212	54803	53129
 2024-12-17 5:5:49.796	-0.002	0.001	0.9995	0.0	0.0	0.0	0.049	0.038	-171.667	28.18	7224	54798	53113
 2024-12-17 5:5:49.821	0.0	0.001	0.9985	0.0	0.0	0.0	0.049	0.038	-171.667	28.17	7215	54797	53106
 2024-12-17 5:5:49.841	0.0	0.0005	0.9995	0.0	0.0	0.0	0.049	0.038	-171.667	28.12	7212	54795	53114
 2024-12-17 5:5:49.861	-0.0005	0.0015	0.999	0.0	0.0	0.0	0.049	0.038	-171.667	28.15	7216	54794	53116
 2024-12-17 5:5:49.881	0.0	0.001	0.9985	0.0	0.0	0.0	0.049	0.038	-171.667	28.17	7213	54791	53117
 2024-12-17 5:5:49.901	0.0	0.001	0.9995	0.0	0.0	0.0	0.049	0.038	-171.667	28.15	7208	54791	53119
 2024-12-17 5:5:49.926	-0.002	0.001	0.9995	0.0	0.0	0.0	0.049	0.033	-171.667	28.15	7207	54792	53122
 2024-12-17 5:5:49.946	-0.0024	0.0015	1.0	0.0	0.0	0.0	0.049	0.033	-171.667	28.15	7202	54802	53123
 2024-12-17 5:5:49.966	0.0	0.0	0.9995	0.0	0.0	0.0	0.049	0.038	-171.667	28.15	7204	54809	53134
 2024-12-17 5:5:49.986	0.001	0.0	0.9995	0.0	0.0	0.0	0.049	0.038	-171.667	28.15	7207	54799	53125
 2024-12-17 5:5:50.11	0.0	0.0	0.999	0.0	0.0	0.0	0.049	0.038	-171.667	28.17	7223	54799	53111
 2024-12-17 5:5:50.31	-0.0015	0.001	0.9995	0.0	0.0	0.0	0.049	0.033	-171.667	28.18	7225	54807	53096
 2024-12-17 5:5:50.51	-0.001	0.001	0.9995	0.0	0.0	0.0	0.049	0.033	-171.667	28.15	7231	54792	53093
 2024-12-17 5:5:50.71	-0.0015	0.0005	0.999	0.0	0.0	0.0	0.049	0.038	-171.667	28.18	7236	54796	53101
 2024-12-17 5:5:50.91	-0.0005	0.0005	0.9995	0.0	0.0	0.0	0.049	0.038	-171.667	28.15	7229	54797	53102
 2024-12-17 5:5:50.116	0.0005	0.0005	0.999	0.0	0.0	0.0	0.049	0.038	-171.667	28.15	7222	54803	53075
 2024-12-17 5:5:50.136	0.001	0.0005	0.9995	0.0	0.0	0.0	0.049	0.038	-171.667	28.15	7210	54802	53077
 2024-12-17 5:5:50.156	-0.001	0.001	0.9995	0.0	0.0	0.0	0.049	0.033	-171.667	28.18	7211	54805	53084
 2024-12-17 5:5:50.176	-0.002	0.0015	1.0	0.0	0.0	0.0	0.049	0.033	-171.667	28.17	7213	54802	53092
 2024-12-17 5:5:50.196	-0.001	0.0015	0.999	0.0	0.0	0.0	0.049	0.038	-171.667	28.17	7213	54798	53102
 2024-12-17 5:5:50.221	0.0	0.001	0.9995	0.0	0.0	0.0	0.049	0.038	-171.667	28.18	7212	54805	53119
 2024-12-17 5:5:50.241	0.0	0.001	0.9985	0.0	0.0	0.0	0.049	0.033	-171.667	28.13	7212	54802	53124
 2024-12-17 5:5:50.261	-0.0005	0.001	0.9995	0.0	0.0	0.0	0.049	0.033	-171.667	28.15	7208	54799	53123
 2024-12-17 5:5:50.281	-0.0005	0.0	0.9995	0.0	0.0	0.0	0.049	0.033	-171.667	28.18	7203	54800	53120
 2024-12-17 5:5:50.301	-0.001	0.0015	0.9995	0.0	0.0	0.0	0.049	0.033	-171.667	28.15	7201	54802	53112
 2024-12-17 5:5:50.326	-0.0005	0.0015	0.999	0.0	0.0	0.0	0.049	0.033	-171.667	28.17	7208	54801	53112
 2024-12-17 5:5:50.346	0.0	0.0005	0.9995	0.0	0.0	0.0	0.049	0.038	-171.667	28.18	7204	54804	53116
 2024-12-17 5:5:50.366	0.0	0.0	0.9995	0.0	0.0	0.0	0.049	0.038	-171.667	28.17	7204	54814	53105
 2024-12-17 5:5:50.386	-0.0005	0.0005	0.9995	0.0	0.0	0.0	0.049	0.033	-171.667	28.15	7208	54810	53111
 2024-12-17 5:5:50.406	-0.001	0.001	0.9995	0.0	0.0	0.0	0.049	0.033	-171.667	28.18	7210	54813	53104
 2024-12-17 5:5:50.431	-0.001	0.001	0.9995	0.0	0.0	0.0	0.049	0.033	-171.667	28.17	7212	54808	53103
 2024-12-17 5:5:50.451	0.0	0.001	0.999	0.0	0.0	0.0	0.049	0.033	-171.667	28.17	7207	54817	53113
 2024-12-17 5:5:50.471	-0.0005	0.0	0.999	0.0	0.0	0.0	0.049	0.033	-171.667	28.17	7206	54817	53119
 2024-12-17 5:5:50.491	0.0	0.0005	0.999	0.0	0.0	0.0	0.049	0.033	-171.667	28.15	7201	54807	53114
 2024-12-17 5:5:50.511	-0.0005	0.001	0.999	0.0	0.0	0.0	0.049	0.033	-171.667	28.18	7209	54799	53104
 2024-12-17 5:5:50.536	-0.0015	0.001	0.9995	0.0	0.0	0.0	0.049	0.033	-171.667	28.13	7208	54800	53102
 2024-12-17 5:5:50.556	-0.0005	0.0015	0.9995	0.0	0.0	0.0	0.049	0.033	-171.667	28.15	7204	54794	53100
 2024-12-17 5:5:50.576	0.0	0.001	0.9995	0.0	0.0	0.0	0.049	0.033	-171.667	28.17	7202	54789	53102
 2024-12-17 5:5:50.596	0.0	0.001	0.999	0.0	0.0	0.0	0.049	0.033	-171.667	28.15	7199	54794	53093
 2024-12-17 5:5:50.621	-0.001	0.0	0.999	0.0	0.0	0.0	0.049	0.033	-171.667	28.18	7203	54796	53085
 2024-12-17 5:5:50.641	-0.0015	0.0005	0.9995	0.0	0.0	0.0	0.049	0.033	-171.667	28.17	7205	54808	53102
 2024-12-17 5:5:50.661	-0.0005	0.0	0.9985	0.0	0.0	0.0	0.049	0.038	-171.667	28.15	7197	54805	53125
 2024-12-17 5:5:50.681	-0.001	0.001	0.999	0.0	0.0	0.0	0.049	0.038	-171.667	28.15	7198	54801	53132
 2024-12-17 5:5:50.701	0.0	0.0	0.999	0.0	0.0	0.0	0.049	0.038	-171.667	28.17	7203	54795	53125
 2024-12-17 5:5:50.726	-0.0005	0.0	1.0	0.0	0.0	0.0	0.049	0.038	-171.667	28.15	7189	54791	53106
 2024-12-17 5:5:50.746	0.0	0.001	0.9995	0.0	0.0	0.0	0.049	0.038	-171.667	28.17	7190	54797	53113
 2024-12-17 5:5:50.766	0.0	0.001	0.9995	0.0	0.0	0.0	0.049	0.038	-171.667	28.18	7195	54801	53094
 2024-12-17 5:5:50.786	0.0	0.0024	0.999	0.0	0.0	0.0	0.049	0.038	-171.667	28.12	7208	54794	53111
 2024-12-17 5:5:50.811	-0.001	0.0015	0.9995	0.0	0.0	0.0	0.049	0.038	-171.667	28.18	7198	54798	53164
 2024-12-17 5:5:50.831	-0.0015	0.0	1.0	0.0	0.0	0.0	0.049	0.038	-171.667	28.15	7195	54795	53124
 2024-12-17 5:5:50.851	-0.001	0.0	0.9995	0.0	0.0	0.0	0.049	0.038	-171.667	28.15	7195	54807	53129
 2024-12-17 5:5:50.871	0.0	0.001	0.9995	0.0	0.0	0.0	0.049	0.038	-171.667	28.15	7194	54812	53132
 2024-12-17 5:5:50.896	0.0	0.001	0.9995	0.0	0.0	0.0	0.049	0.038	-171.667	28.13	7196	54808	53129
 2024-12-17 5:5:50.916	-0.001	0.0005	1.0005	0.0	0.0	0.0	0.049	0.038	-171.667	28.15	7195	54805	53103
 2024-12-17 5:5:50.936	0.0	0.0005	0.9995	0.0	0.0	0.0	0.049	0.038	-171.667	28.17	7195	54807	53115
 2024-12-17 5:5:50.956	0.0	0.001	1.0	0.0	0.0	0.0	0.049	0.038	-171.667	28.17	7198	54803	53122
 2024-12-17 5:5:50.981	-0.0005	0.0015	0.999	0.0	0.0	0.0	0.049	0.038	-171.667	28.18	7207	54796	53121
 2024-12-17 5:5:51.1	-0.0005	0.002	0.999	0.0	0.0	0.0	0.049	0.033	-171.667	28.18	7212	54788	53101
 2024-12-17 5:5:51.21	0.0	0.0005	1.001	0.0	0.0	0.0	0.049	0.033	-171.667	28.15	7212	54794	53097
 2024-12-17 5:5:51.41	-0.0005	0.001	0.998	0.0	0.0	0.0	0.049	0.033	-171.667	28.13	7205	54803	53088
 2024-12-17 5:5:51.66	-0.002	0.0005	0.998	0.0	0.0	0.0	0.049	0.033	-171.667	28.15	7201	54796	53102
 2024-12-17 5:5:51.86	-0.001	0.0	1.0	0.0	0.0	0.0	0.049	0.033	-171.667	28.18	7207	54800	53099
 2024-12-17 5:5:51.106	0.0005	0.0	0.9985	0.0	0.0	0.0	0.049	0.033	-171.667	28.18	7208	54795	53098
 2024-12-17 5:5:51.126	0.0	0.001	0.9995	0.0	0.0	0.0	0.049	0.033	-171.667	28.2	7212	54794	53112
 2024-12-17 5:5:51.151	-0.0005	0.002	1.0005	0.0	0.0	0.0	0.049	0.033	-171.667	28.15	7203	54796	53112
 2024-12-17 5:5:51.171	-0.001	0.001	0.999	0.0	0.0	0.0	0.049	0.033	-171.667	28.18	7205	54802	53143
 2024-12-17 5:5:51.191	-0.0005	0.0005	0.9995	0.0	0.0	0.0	0.049	0.033	-171.667	28.17	7200	54814	53143
 2024-12-17 5:5:51.211	-0.001	0.0005	0.999	0.0	0.0	0.0	0.049	0.033	-171.667	28.15	7200	54812	53143
 2024-12-17 5:5:51.231	0.0005	0.0	1.0	0.0	0.0	0.0	0.049	0.033	-171.667	28.15	7190	54809	53130
 2024-12-17 5:5:51.256	0.0	0.0	0.999	0.0	0.0	0.0	0.049	0.033	-171.667	28.17	7187	54802	53126
 2024-12-17 5:5:51.276	0.0	0.001	0.999	0.0	0.0	0.0	0.049	0.033	-171.667	28.15	7194	54790	53126
 2024-12-17 5:5:51.296	-0.0005	0.001	0.9995	0.0	0.0	0.0	0.049	0.033	-171.667	28.15	7192	54802	53136
 2024-12-17 5:5:51.316	-0.0005	0.0005	0.9985	0.0	0.0	0.0	0.049	0.033	-171.667	28.15	7197	54799	53139
 2024-12-17 5:5:51.336	-0.0005	0.0005	0.9995	0.0	0.0	0.0	0.049	0.033	-171.667	28.13	7201	54800	53116
 2024-12-17 5:5:51.361	-0.0005	0.001	0.9995	0.0	0.0	0.0	0.049	0.033	-171.667	28.12	7206	54802	53122
 2024-12-17 5:5:51.381	-0.0005	0.001	1.0	0.0	0.0	0.0	0.049	0.033	-171.667	28.17	7202	54811	53106
 2024-12-17 5:5:51.401	-0.0024	0.0039	0.9966	-1.1597	-0.9155	-0.4272	0.027	0.016	-171.672	28.17	7204	54808	53105
 2024-12-17 5:5:51.421	-0.0005	0.0005	0.998	0.0	0.0	0.0	0.027	0.016	-171.672	28.15	7196	54806	53104
 2024-12-17 5:5:51.446	-0.0005	0.0015	0.9985	0.3662	0.3052	0.061	0.027	0.016	-171.672	28.15	7192	54811	53109
 2024-12-17 5:5:51.466	-0.001	0.0005	1.0	-0.1221	-0.061	0.0	0.033	0.022	-171.672	28.15	7222	54795	53088
 2024-12-17 5:5:51.486	0.0	0.001	0.9985	0.061	0.1221	0.0	0.033	0.022	-171.672	28.15	7200	54797	53092
 2024-12-17 5:5:51.506	-0.0259	0.2617	0.9814	-3.3569	-1.6479	1.8311	0.022	0.016	-171.661	28.18	7199	54805	53094
 2024-12-17 5:5:51.526	-0.186	-0.1626	1.019	-3.1738	-11.1694	-21.1182	-0.027	-0.104	-171.848	28.18	7221	54870	53087
 2024-12-17 5:5:51.551	0.168	-0.0947	0.9868	0.3662	4.7607	20.874	-0.049	-0.148	-171.848	28.21	7299	54922	53012
 2024-12-17 5:5:51.571	0.0684	-0.0439	1.0098	1.5869	3.418	2.1362	-0.033	-0.066	-171.623	28.18	7351	54939	52967
 2024-12-17 5:5:51.591	0.0356	-0.1216	0.9951	-0.6714	0.8545	20.5078	-0.038	-0.027	-171.392	28.15	7383	54923	52943
 2024-12-17 5:5:51.611	0.1494	-0.0186	0.9995	-3.9673	-1.8921	22.583	-0.104	-0.055	-170.964	28.15	7364	54872	52948
 2024-12-17 5:5:51.631	0.1294	0.1128	0.9849	-6.7749	-9.0332	-1.6479	-0.264	-0.247	-170.76	28.15	7297	54821	52981
 2024-12-17 5:5:51.656	0.1768	0.0347	1.0181	-4.2725	-8.4229	-38.3301	-0.357	-0.461	-171.343	28.12	7120	54849	53067
 2024-12-17 5:5:51.676	0.0845	0.0703	1.1616	-59.1431	-4.0283	-50.354	-0.967	-0.643	-172.233	28.18	6934	54960	53136
 2024-12-17 5:5:51.696	0.0449	-0.1274	1.0063	-95.3979	-13.4888	-50.1709	-2.472	-0.89	-173.227	28.17	6715	55183	53203
 2024-12-17 5:5:51.721	0.0371	-0.1328	0.9731	-97.8394	-24.4141	-53.2837	-4.818	-1.516	-174.496	28.15	6441	55438	53248
 2024-12-17 5:5:51.741	0.022	-0.1343	0.9863	-64.6973	-107.2388	-56.2134	-6.202	-3.362	-175.43	28.15	5944	55765	53255
 2024-12-17 5:5:51.761	0.0776	-0.1099	1.002	-57.4341	-158.3862	-69.2139	-7.256	-6.389	-176.402	28.17	5438	56051	53216
 2024-12-17 5:5:51.781	0.1343	-0.0991	1.0044	-89.2334	-121.0938	-60.8521	-8.707	-9.097	-177.303	28.15	4934	56385	53202
 2024-12-17 5:5:51.801	0.1265	-0.0962	0.9521	-56.6406	-81.2378	-57.5562	-10.009	-11.442	-178.407	28.15	4473	56709	53201
 2024-12-17 5:5:51.826	0.0483	-0.2324	0.9722	-54.2603	-65.3687	-59.9976	-10.827	-12.854	-179.39	28.15	3975	57055	53186
 2024-12-17 5:5:51.846	0.0415	-0.2808	0.9888	-43.7012	-73.1812	-34.9121	-11.552	-14.315	-179.813	28.15	3601	57265	53172
 2024-12-17 5:5:51.866	0.1694	-0.2681	0.9512	-29.1138	-94.6655	0.1221	-12.2	-16.04	-179.423	28.15	3244	57408	53157
 2024-12-17 5:5:51.891	0.3867	-0.1406	0.8701	-17.7002	-36.5601	9.3994	-12.744	-17.688	-178.55	28.15	2941	57513	53132
 2024-12-17 5:5:51.911	0.395	-0.2075	0.8789	-29.6631	12.3901	7.5073	-13.211	-18.029	-178.27	28.17	2666	57620	53120
 2024-12-17 5:5:51.931	0.3608	-0.2422	0.916	-56.0303	39.3677	3.1128	-13.909	-17.567	-178.253	28.15	2545	57710	53121
 2024-12-17 5:5:51.951	0.354	-0.2729	0.9438	-64.5142	7.5684	-0.1831	-14.996	-16.913	-178.38	28.17	2451	57811	53151
 2024-12-17 5:5:51.971	0.3594	-0.2583	0.9917	-94.5435	-53.894	-16.3574	-16.842	-17.347	-178.434	28.15	2311	57965	53179
 2024-12-17 5:5:51.996	0.417	-0.3286	0.9355	-96.7407	-176.6968	-30.1514	-18.787	-19.66	-178.165	28.18	1936	58218	53219
 2024-12-17 5:5:52.16	0.5474	-0.3813	0.7905	-73.9136	-281.311	-37.2314	-20.797	-24.148	-177.182	28.15	1394	58410	53281
 2024-12-17 5:5:52.36	0.6655	-0.353	0.9082	-68.4814	-175.0488	-31.8604	-22.665	-28.564	-176.05	28.15	877	58562	53376
 2024-12-17 5:5:52.56	0.562	-0.3154	0.6768	-115.3564	-18.4937	-40.5884	-24.933	-30.712	-176.155	28.18	478	58748	53518
 2024-12-17 5:5:52.81	0.4697	-0.4365	0.5264	-136.6577	-187.3169	-74.4629	-27.548	-33.821	-176.056	28.15	65433	59003	53733
 2024-12-17 5:5:52.101	0.5518	-0.5098	0.8237	-136.3525	-242.3096	-84.7168	-30.762	-38.502	-175.122	28.18	64923	59195	53955
 2024-12-17 5:5:52.121	0.541	-0.4512	0.9028	-103.5767	-106.0181	-66.4673	-33.102	-41.484	-174.831	28.15	64518	59370	54140
 2024-12-17 5:5:52.141	0.4683	-0.5625	0.7827	-72.3267	-84.7778	-41.9312	-35.162	-43.764	-174.545	28.13	64172	59553	54272
 2024-12-17 5:5:52.166	0.5625	-0.5107	0.8394	-31.311	-119.873	-7.9346	-36.92	-45.593	-172.831	28.18	63259	60121	54450
 2024-12-17 5:5:52.186	0.6797	-0.4844	0.8315	31.8604	-38.6963	38.3301	-37.238	-45.555	-171.387	28.17	63657	59904	54341
 2024-12-17 5:5:52.206	0.731	-0.4609	0.6133	86.9751	43.0908	82.7637	-36.189	-43.72	-170.332	28.15	63656	60009	54258
 2024-12-17 5:5:52.226	0.7822	-0.3506	0.4497	101.0132	77.9419	89.2334	-34.601	-41.325	-169.651	28.15	63773	60065	54145
 2024-12-17 5:5:52.416	0.7578	-0.5977	0.4634	-128.6011	-21.1792	-2.3193	-40.43	-47.675	-172.809	28.17	63764	60659	54197
 2024-12-17 5:5:52.436	0.9053	-0.3145	0.5684	-117.3706	28.1372	-15.9912	-42.748	-47.752	-173.128	28.15	63854	61029	54136
 2024-12-17 5:5:52.456	0.8794	-0.541	0.5166	-113.6475	10.376	-35.0342	-44.769	-47.933	-174.37	28.15	63951	61476	54026
 2024-12-17 5:5:52.481	0.7578	-0.5405	0.4966	-81.8481	14.3433	-65.8569	-45.434	-48.582	-175.93	28.17	64014	62145	53831
 2024-12-17 5:5:52.501	0.6855	-0.2891	0.5503	-70.9839	-27.3438	-99.9756	-45.687	-50.12	-177.561	28.15	63945	62709	53647
 2024-12-17 5:5:52.521	0.502	-0.5127	0.5059	-64.6362	-40.2832	-63.3545	-46.39	-51.636	-178.363	28.15	63812	63247	53482
 2024-12-17 5:5:52.541	0.5732	-0.5938	0.5171	-38.6353	-28.2593	8.5449	-47.659	-52.125	-177.885	28.15	63676	63747	53360
 2024-12-17 5:5:52.561	0.7974	-0.4814	0.5361	-15.564	-6.0425	33.02	-48.708	-51.795	-177.078	28.18	63555	64163	53260
 2024-12-17 5:5:52.586	0.8789	-0.4497	0.5244	9.1553	-5.5542	12.3291	-48.988	-51.493	-176.539	28.17	63421	64483	53164
 2024-12-17 5:5:52.606	0.8472	-0.5391	0.5312	23.9868	23.6816	-6.4087	-47.895	-51.224	-177.292	28.2	63247	64733	53026
 2024-12-17 5:5:52.626	0.8169	-0.7275	0.4834	22.8882	36.8042	11.9019	-46.945	-50.499	-177.946	28.18	63089	64804	52933
 2024-12-17 5:5:52.646	0.9097	-0.4126	0.5356	54.0771	33.4473	4.1504	-45.346	-49.938	-178.654	28.12	62910	64743	52841
 2024-12-17 5:5:52.666	0.8242	-0.4507	0.4458	70.6787	45.9595	-15.9302	-42.918	-49.488	179.956	28.15	62715	64562	52739
 2024-12-17 5:5:52.691	0.6958	-0.4111	0.3296	66.2231	46.814	-1.3428	-39.935	-48.785	178.451	28.18	62503	64252	52646
 2024-12-17 5:5:52.711	0.6562	-0.3579	0.2949	54.6265	44.9829	-1.8921	-38.079	-48.098	177.495	28.15	62383	63986	52574
 2024-12-17 5:5:52.731	0.5312	-0.3086	0.21	14.7705	2.3193	-19.104	-36.727	-47.653	176.682	28.18	62283	63766	52510
 2024-12-17 5:5:52.756	0.4365	-0.4463	0.2583	-35.7056	-85.5713	-1.8311	-37.315	-48.532	176.995	28.13	62124	63655	52501
 2024-12-17 5:5:52.776	0.5947	-0.4917	0.4526	-67.5659	-75.7446	48.4009	-40.056	-49.504	179.044	28.15	61966	63695	52554
 2024-12-17 5:5:52.796	0.7598	-0.4248	0.4893	-58.2275	-27.1606	61.5845	-43.165	-49.526	-178.671	28.13	61884	63880	52658
 2024-12-17 5:5:52.816	0.7876	-0.4629	0.4707	-39.2456	-39.917	45.9595	-45.621	-49.241	-176.803	28.15	61884	64056	52757
 2024-12-17 5:5:52.836	0.8169	-0.5234	0.5312	-23.6816	-50.415	41.0156	-47.703	-49.224	-174.919	28.18	61896	64214	52864
 2024-12-17 5:5:52.856	0.8506	-0.501	0.5361	-3.479	-34.2407	35.2783	-49.554	-49.18	-172.848	28.15	61909	64315	52971
 2024-12-17 5:5:52.881	0.8354	-0.502	0.5098	21.7896	-48.0957	14.4043	-50.284	-49.449	-171.447	28.15	61902	64297	53116
 2024-12-17 5:5:52.901	0.7832	-0.4897	0.5171	47.2412	-40.0391	9.5215	-50.328	-49.807	-170.277	28.17	61872	64177	53219
 2024-12-17 5:5:52.921	0.7192	-0.4512	0.4731	75.5615	-1.0376	20.813	-49.367	-49.658	-169.695	28.15	61878	63959	53294
 2024-12-17 5:5:52.941	0.6499	-0.4604	0.3921	90.5762	21.8506	39.7339	-47.851	-48.911	-169.393	28.18	61939	63681	53357
 2024-12-17 5:5:52.966	0.6484	-0.4609	0.3433	92.7734	28.4424	62.1338	-46.082	-47.395	-168.701	28.15	62072	63362	53375
 2024-12-17 5:5:52.986	0.6938	-0.478	0.3091	76.2329	30.3955	76.2329	-45.258	-45.906	-167.822	28.17	62291	62977	53436
 2024-12-17 5:5:53.6	0.752	-0.4907	0.3013	59.3262	2.6245	76.0498	-45.17	-44.841	-166.382	28.15	62471	62692	53493
 2024-12-17 5:5:53.26	0.8105	-0.4883	0.3379	43.9453	3.479	72.6929	-45.313	-43.824	-165.059	28.17	62662	62451	53523
 2024-12-17 5:5:53.51	0.8057	-0.5649	0.3472	-11.0474	-25.7568	39.6729	-45.895	-42.88	-163.867	28.18	63207	61970	53659
 2024-12-17 5:5:53.71	0.8203	-0.584	0.4492	-24.4751	-33.0811	23.7427	-47.093	-42.841	-162.686	28.18	63004	62164	53605
 2024-12-17 5:5:53.91	0.814	-0.7378	0.4751	-19.4092	-10.1318	24.8413	-48.296	-42.94	-161.73	28.18	63093	62124	53635
 2024-12-17 5:5:53.111	0.8643	-0.8018	0.4839	-33.9966	3.6011	19.5312	-49.202	-42.748	-161.202	28.15	63181	62129	53659
 2024-12-17 5:5:53.131	0.8721	-0.6816	0.5044	-53.4058	-38.7573	-15.2588	-50.641	-42.929	-160.763	28.17	63216	62193	53687
 2024-12-17 5:5:53.156	0.8394	-0.5649	0.6289	-36.0107	-80.9326	-46.4478	-52.097	-44.198	-160.027	28.17	63087	62325	53742
 2024-12-17 5:5:53.176	0.7158	-0.5288	0.6465	7.6904	-28.6255	-57.312	-52.603	-45.709	-159.719	28.18	62921	62393	53778
 2024-12-17 5:5:53.196	0.5298	-0.4902	0.52	42.9688	-6.4087	-43.396	-51.713	-46.708	-160.236	28.18	62756	62385	53821
 2024-12-17 5:5:53.216	0.4409	-0.5103	0.457	59.7534	-8.3008	-11.1084	-50.416	-47.192	-160.593	28.18	62616	62305	53852
 2024-12-17 5:5:53.241	0.4702	-0.4917	0.4097	63.4766	-3.1128	29.9683	-49.191	-46.95	-160.159	28.12	62500	62155	53889
 2024-12-17 5:5:53.261	0.563	-0.4766	0.3652	63.2935	1.5869	56.5796	-48.615	-46.132	-159.241	28.17	62442	61933	53974
 2024-12-17 5:5:53.281	0.6572	-0.4531	0.3286	62.439	4.5776	69.7021	-48.219	-45.055	-158.088	28.17	62457	61736	54029
 2024-12-17 5:5:53.301	0.7148	-0.4663	0.2856	58.6548	5.0049	76.2939	-47.966	-43.874	-156.819	28.15	62499	61548	54065
 2024-12-17 5:5:53.321	0.7749	-0.5596	0.2686	31.4331	12.3901	81.8481	-48.186	-42.231	-155.286	28.13	62582	61387	54088
 2024-12-17 5:5:53.346	0.8369	-0.6592	0.2705	-4.7607	8.1177	74.4019	-49.125	-41.067	-154.166	28.15	62673	61288	54104
 2024-12-17 5:5:53.366	0.9033	-0.5981	0.3237	-34.79	-9.7046	48.1567	-50.57	-40.545	-153.188	28.15	62792	61306	54202
 2024-12-17 5:5:53.386	0.8828	-0.6055	0.3745	-51.6357	-22.644	11.5967	-52.097	-40.743	-152.562	28.18	62723	61322	54175
 2024-12-17 5:5:53.406	0.7939	-0.6528	0.4106	-61.6455	-34.729	-13.2446	-53.729	-41.462	-152.067	28.18	62706	61400	54220
 2024-12-17 5:5:53.431	0.7134	-0.6777	0.4492	-67.3828	-40.5884	-21.7285	-55.887	-42.523	-151.403	28.15	62671	61506	54291
 2024-12-17 5:5:53.451	0.6816	-0.6846	0.4995	-61.7065	-40.5273	-20.1416	-57.546	-43.341	-150.804	28.13	62597	61644	54361
 2024-12-17 5:5:53.471	0.6807	-0.6562	0.5371	-38.9404	-25.0244	-13.7939	-58.568	-43.852	-150.441	28.15	62533	61735	54411
 2024-12-17 5:5:53.491	0.6646	-0.626	0.5225	-10.437	-8.1177	-7.5684	-58.782	-44.066	-150.381	28.18	62489	61791	54434
 2024-12-17 5:5:53.511	0.6436	-0.6162	0.4858	15.564	1.5259	1.1597	-58.403	-44.017	-150.425	28.15	62468	61799	54452
 2024-12-17 5:5:53.701	0.6978	-0.6182	0.4092	-15.3198	-8.728	-10.8643	-57.162	-42.946	-150.227	28.13	62440	61621	54415
 2024-12-17 5:5:53.726	0.6592	-0.6294	0.4199	-9.5215	-7.9346	-9.0332	-57.519	-43.275	-150.194	28.17	62417	61647	54432
 2024-12-17 5:5:53.746	0.6484	-0.6372	0.4194	-2.6855	0.6104	-0.8545	-57.607	-43.341	-150.216	28.13	62402	61663	54448
 2024-12-17 5:5:53.766	0.6758	-0.6343	0.4155	3.6011	3.7231	5.4321	-57.563	-43.237	-150.249	28.13	62395	61670	54436
 2024-12-17 5:5:53.786	0.7051	-0.6157	0.4092	10.376	3.6011	5.127	-57.387	-43.105	-150.271	28.15	62406	61671	54430
 2024-12-17 5:5:53.806	0.7007	-0.6094	0.3887	14.3433	5.7373	2.3193	-57.074	-42.995	-150.364	28.17	62416	61658	54435
 2024-12-17 5:5:53.826	0.6719	-0.6133	0.3569	12.7563	4.2725	1.5259	-56.695	-42.902	-150.485	28.15	62421	61640	54432
 2024-12-17 5:5:53.851	0.668	-0.6455	0.3462	5.6152	1.8921	6.1646	-56.635	-42.781	-150.452	28.15	62424	61626	54443
 2024-12-17 5:5:53.871	0.7139	-0.6294	0.3574	0.1831	1.9531	6.5308	-56.695	-42.654	-150.414	28.17	62424	61617	54441
 2024-12-17 5:5:53.891	0.7275	-0.6221	0.3652	-2.9907	-2.1362	-0.1831	-56.81	-42.693	-150.386	28.15	62411	61620	54436
 2024-12-17 5:5:53.911	0.6719	-0.6089	0.3794	-2.9297	-1.9531	-6.5308	-56.959	-42.896	-150.381	28.17	62404	61622	54447
 2024-12-17 5:5:53.936	0.6445	-0.6294	0.3711	-4.2114	-3.2959	-1.4038	-57.025	-43.017	-150.419	28.17	62391	61632	54437
 2024-12-17 5:5:53.956	0.6758	-0.627	0.3877	-5.0049	-1.5259	4.9438	-57.184	-43.05	-150.37	28.17	62389	61644	54451
 2024-12-17 5:5:53.976	0.7065	-0.6436	0.3926	-3.1738	0.8545	4.8218	-57.354	-42.979	-150.287	28.15	62389	61654	54460
 2024-12-17 5:5:53.996	0.7251	-0.6235	0.3989	2.0752	-0.7324	0.8545	-57.437	-42.913	-150.255	28.15	62384	61649	54457
 2024-12-17 5:5:54.21	0.7056	-0.624	0.3877	6.4087	3.479	-3.418	-57.332	-42.924	-150.32	28.18	62370	61645	54446
 2024-12-17 5:5:54.41	0.6733	-0.6333	0.3638	3.1738	2.2583	-3.2959	-57.173	-42.957	-150.452	28.15	62361	61641	54445
 2024-12-17 5:5:54.61	0.6787	-0.6309	0.3726	-0.6714	-3.0518	-0.6714	-57.156	-42.995	-150.485	28.13	62354	61634	54438
 2024-12-17 5:5:54.86	0.7002	-0.6172	0.3853	0.0	1.709	-0.1831	-57.184	-43.011	-150.507	28.15	62352	61639	54448
 2024-12-17 5:5:54.106	0.6934	-0.6079	0.375	1.6479	-0.1831	-2.6245	-57.151	-43.044	-150.557	28.15	62344	61642	54447
 2024-12-17 5:5:54.126	0.6714	-0.624	0.374	1.0986	-1.77	-2.4414	-57.14	-43.105	-150.579	28.15	62341	61642	54446
 2024-12-17 5:5:54.146	0.6733	-0.6299	0.373	-1.4038	-0.3662	1.8921	-57.195	-43.105	-150.562	28.21	62349	61631	54441
 2024-12-17 5:5:54.166	0.6987	-0.6187	0.3833	-1.5869	-1.3428	1.9531	-57.283	-43.083	-150.524	28.17	62354	61630	54439
 2024-12-17 5:5:54.191	0.7051	-0.624	0.3872	0.4272	-0.7935	0.7935	-57.332	-43.077	-150.491	28.15	62350	61632	54441
 2024-12-17 5:5:54.211	0.7007	-0.6187	0.3784	0.3052	2.0142	-0.9766	-57.299	-43.077	-150.568	28.17	62338	61632	54440
 2024-12-17 5:5:54.231	0.6851	-0.6299	0.3706	-1.709	-4.0283	-2.1973	-57.393	-43.165	-150.518	28.17	62339	61634	54441
 2024-12-17 5:5:54.251	0.6948	-0.626	0.3892	-1.4648	-3.2349	-0.2441	-57.486	-43.204	-150.463	28.17	62335	61648	54451
 2024-12-17 5:5:54.271	0.6958	-0.6226	0.3818	0.6714	2.9297	-0.6104	-57.437	-43.187	-150.551	28.15	62325	61650	54440
 2024-12-17 5:5:54.296	0.6826	-0.6211	0.376	1.4038	0.7324	-2.0752	-57.415	-43.248	-150.551	28.17	62325	61636	54433
 2024-12-17 5:5:54.316	0.6758	-0.6167	0.3647	0.4883	0.3662	0.4883	-57.382	-43.264	-150.601	28.18	62322	61634	54445
 2024-12-17 5:5:54.336	0.6821	-0.6172	0.3706	-1.3428	-2.5635	1.3428	-57.409	-43.259	-150.595	28.15	62319	61633	54454
 2024-12-17 5:5:54.356	0.689	-0.6211	0.3784	-1.77	-0.5493	2.8076	-57.508	-43.259	-150.535	28.15	62315	61635	54442
 2024-12-17 5:5:54.381	0.6958	-0.6333	0.3784	-1.2207	-0.061	3.1128	-57.607	-43.204	-150.485	28.17	62308	61647	54436
 2024-12-17 5:5:54.401	0.708	-0.6304	0.3818	-1.2207	-0.6714	2.1362	-57.678	-43.165	-150.447	28.15	62309	61654	54444
 2024-12-17 5:5:54.421	0.7056	-0.6187	0.3799	-0.3662	-0.061	-0.9766	-57.722	-43.165	-150.441	28.15	62311	61663	54454
 2024-12-17 5:5:54.441	0.6851	-0.6182	0.3765	0.0	-2.1362	-2.0142	-57.744	-43.22	-150.447	28.13	62313	61665	54453
 2024-12-17 5:5:54.466	0.6748	-0.6274	0.377	0.3052	0.2441	1.1597	-57.761	-43.22	-150.447	28.2	62307	61665	54425
 2024-12-17 5:5:54.486	0.6895	-0.6343	0.3745	-0.3662	2.1973	3.7842	-57.783	-43.154	-150.452	28.15	62315	61658	54457
 2024-12-17 5:5:54.506	0.7129	-0.6318	0.3789	-0.3662	-0.9766	2.3193	-57.832	-43.116	-150.419	28.18	62318	61649	54471
 2024-12-17 5:5:54.526	0.7173	-0.6201	0.3828	0.9155	-0.3052	-2.1973	-57.832	-43.143	-150.436	28.15	62316	61649	54451
 2024-12-17 5:5:54.551	0.6865	-0.624	0.3696	0.9155	-0.1221	-4.5776	-57.777	-43.237	-150.518	28.13	62299	61672	54485
 2024-12-17 5:5:54.571	0.6646	-0.6196	0.3682	-0.7935	-2.8076	-2.8687	-57.821	-43.319	-150.507	28.15	62299	61658	54451
 2024-12-17 5:5:54.591	0.667	-0.6147	0.374	-0.7935	-1.2817	1.5259	-57.887	-43.308	-150.463	28.17	62287	61665	54448
 2024-12-17 5:5:54.611	0.6807	-0.6431	0.3716	-2.5635	1.4038	4.6387	-57.975	-43.215	-150.441	28.15	62284	61663	54467
 2024-12-17 5:5:54.631	0.7427	-0.6211	0.3984	1.4038	0.061	-0.3662	-58.162	-43.198	-150.276	28.13	62280	61671	54461
 2024-12-17 5:5:54.656	0.7036	-0.6035	0.3667	4.3945	2.7466	-7.0801	-58.096	-43.231	-150.337	28.18	62288	61670	54456
 2024-12-17 5:5:54.676	0.6475	-0.6084	0.3521	2.5024	-3.7842	-5.9814	-57.942	-43.341	-150.469	28.17	62285	61667	54451
 2024-12-17 5:5:54.696	0.6343	-0.6357	0.356	-3.1738	0.1221	3.6621	-57.942	-43.434	-150.469	28.13	62271	61668	54452
 2024-12-17 5:5:54.716	0.6895	-0.6323	0.374	-5.188	-0.1831	10.1318	-58.085	-43.341	-150.403	28.2	62266	61671	54442
 2024-12-17 5:5:54.736	0.7393	-0.6309	0.3906	-1.9531	0.0	6.4697	-58.304	-43.16	-150.255	28.17	62264	61680	54450
 2024-12-17 5:5:54.761	0.7368	-0.626	0.3857	1.0376	0.3052	-1.6479	-58.343	-43.121	-150.233	28.15	62274	61684	54463
 2024-12-17 5:5:54.781	0.6953	-0.6265	0.374	3.1128	-1.3428	-6.0425	-58.282	-43.204	-150.282	28.17	62270	61683	54470
 2024-12-17 5:5:54.801	0.6592	-0.6221	0.3623	1.709	0.3662	-3.418	-58.206	-43.292	-150.348	28.17	62268	61681	54473
 2024-12-17 5:5:54.821	0.6587	-0.6245	0.3608	-0.6714	0.3052	2.5635	-58.195	-43.297	-150.375	28.18	62262	61673	54473
 2024-12-17 5:5:54.841	0.689	-0.6372	0.3716	-3.1738	1.6479	5.6152	-58.299	-43.193	-150.337	28.13	62267	61677	54471
 2024-12-17 5:5:54.866	0.7212	-0.6362	0.3828	-1.709	-0.3052	3.2959	-58.387	-43.127	-150.293	28.18	62273	61702	54461
 2024-12-17 5:5:54.886	0.7261	-0.6235	0.3867	1.1597	0.5493	-1.77	-58.381	-43.138	-150.32	28.13	62278	61680	54463
 2024-12-17 5:5:54.906	0.6953	-0.6172	0.3726	2.2583	1.2817	-5.127	-58.288	-43.204	-150.414	28.12	62277	61681	54462
 2024-12-17 5:5:54.926	0.6602	-0.6167	0.3608	1.0376	-1.0376	-3.9673	-58.239	-43.286	-150.474	28.15	62263	61682	54467
 2024-12-17 5:5:54.951	0.6567	-0.626	0.3628	-1.0376	0.1221	2.6245	-58.288	-43.264	-150.458	28.13	62260	61684	54467
 2024-12-17 5:5:54.971	0.688	-0.623	0.3701	-1.3428	2.6855	5.9204	-58.343	-43.138	-150.447	28.17	62273	61690	54469
 2024-12-17 5:5:54.991	0.7114	-0.6318	0.3735	0.3052	4.0894	4.8218	-58.326	-43.017	-150.48	28.15	62286	61689	54472
 2024-12-17 5:5:55.11	0.7168	-0.6387	0.3682	0.1221	3.6011	0.9155	-58.293	-42.968	-150.557	28.18	62291	61687	54472
 2024-12-17 5:5:55.31	0.7041	-0.6274	0.3672	-1.1597	-0.9766	-3.479	-58.31	-43.044	-150.595	28.13	62296	61689	54487
 2024-12-17 5:5:55.56	0.6509	-0.6235	0.3613	-2.8687	2.5635	-0.7324	-58.304	-43.127	-150.688	28.17	62307	61697	54484
 2024-12-17 5:5:55.76	0.6626	-0.6455	0.3677	-5.8594	0.4272	4.6387	-58.365	-43.099	-150.738	28.15	62335	61705	54472
 2024-12-17 5:5:55.96	0.7051	-0.6606	0.3853	-1.4038	4.4556	5.6763	-58.502	-43.0	-150.705	28.17	62349	61709	54491
 2024-12-17 5:5:55.116	0.709	-0.687	0.3647	7.7515	31.4331	4.8218	-58.37	-42.792	-150.897	28.15	62367	61710	54474
 2024-12-17 5:5:55.136	0.709	-0.687	0.3647	-5.7373	56.5796	4.3945	-57.766	-42.319	-151.705	28.15	62417	61723	54432
 2024-12-17 5:5:55.326	0.4028	-0.9927	0.1318	-250.1831	88.623	-3.6621	-68.5	-35.266	-171.079	28.15	156	63741	54974
 2024-12-17 5:5:55.346	0.4478	-1.0029	0.1934	-246.2769	63.6597	9.8877	-73.597	-34.552	-173.32	28.15	500	64078	55475
 2024-12-17 5:5:55.366	0.4673	-1.0049	0.2329	-257.6294	59.082	14.4653	-76.86	-34.118	-174.43	28.15	610	64404	56015
 2024-12-17 5:5:55.391	0.436	-1.0039	0.3052	-288.3911	-31.8604	8.8501	-84.111	-33.865	-174.144	28.15	344	64855	56682
 2024-12-17 5:5:55.411	0.5386	-1.0835	0.6123	-218.0176	-89.3555	24.5361	-89.506	-33.437	-172.156	28.15	65504	65253	57137
 2024-12-17 5:5:55.431	4.8599	-8.4575	5.688	-131.3477	14.2212	34.3628	-91.659	-32.728	-172.716	28.18	65182	72	57465
 2024-12-17 5:5:55.451	0.6372	-1.0049	0.5986	-28.1982	38.6353	29.48	-91.373	-32.146	-173.875	28.15	64993	309	57643
 2024-12-17 5:5:55.471	0.6479	-0.9775	0.5166	72.3267	57.0679	17.7002	-88.879	-31.789	-175.424	28.15	64959	401	57683
 2024-12-17 5:5:55.496	0.4805	-0.9004	0.1655	156.189	84.0454	23.6206	-83.848	-31.234	-178.27	28.15	65158	308	57581
 2024-12-17 5:5:55.516	0.4731	-0.8647	0.0635	154.7241	95.8862	34.4238	-79.563	-30.443	179.665	28.15	65441	135	57426
 2024-12-17 5:5:55.536	0.4731	-0.8647	0.0635	154.7241	95.8862	34.4238	-75.372	-29.344	177.567	28.15	263	65439	57244
 2024-12-17 5:5:55.556	0.481	-0.8354	-0.0425	124.939	80.3223	39.1846	-72.12	-28.147	175.968	28.15	614	65218	57059
 2024-12-17 5:5:55.581	0.5557	-0.8696	-0.0498	36.1328	31.6772	24.7192	-70.225	-27.169	175.111	28.18	901	65028	56886
 2024-12-17 5:5:55.601	0.6089	-0.8101	-0.0269	-7.3853	32.5317	8.9111	-69.593	-26.592	174.54	28.13	1156	64875	56760
 2024-12-17 5:5:55.621	0.5791	-0.8276	0.0	-46.2646	-1.2207	-14.8315	-69.846	-26.422	174.012	28.21	1255	64845	56744
 2024-12-17 5:5:55.641	0.5532	-0.8926	0.1138	-69.7632	-24.5972	-30.9448	-71.027	-26.884	173.979	28.18	1262	64895	56743
 2024-12-17 5:5:55.661	0.5098	-0.8765	0.1787	-83.0688	-5.3101	-38.9404	-72.697	-27.686	174.133	28.17	1208	65010	56825
 2024-12-17 5:5:55.681	0.4575	-0.8696	0.2119	-86.0596	-14.1602	-38.8794	-74.465	-28.521	174.051	28.15	1085	65174	56948
 2024-12-17 5:5:55.706	0.4551	-0.8628	0.3042	-75.0122	-24.292	-31.7383	-76.696	-29.526	174.238	28.17	879	65410	57112
 2024-12-17 5:5:55.726	0.4355	-0.8721	0.3608	-55.481	-17.5171	-24.0479	-78.173	-30.157	174.512	28.17	719	47	57238
 2024-12-17 5:5:55.746	0.415	-0.8599	0.397	-18.5547	-16.2354	-12.5732	-79.03	-30.569	174.738	28.13	586	180	57350
 2024-12-17 5:5:55.766	0.3379	-0.8716	0.4126	8.728	-14.8926	-3.1128	-79.228	-30.751	174.979	28.18	507	249	57418
 2024-12-17 5:5:55.786	0.2559	-0.9219	0.4272	48.4619	-29.7852	23.5596	-78.717	-30.465	175.556	28.15	487	239	57405
 2024-12-17 5:5:55.811	0.332	-0.9336	0.4277	93.9941	5.7983	60.9741	-76.668	-29.086	175.798	28.17	541	153	57299
 2024-12-17 5:5:55.831	0.4077	-0.9536	0.3042	118.6523	11.2305	79.6509	-74.328	-27.433	175.902	28.17	686	65472	57032
 2024-12-17 5:5:55.851	0.4927	-0.9458	0.3052	141.6016	-26.9775	75.5615	-71.949	-26.104	176.863	28.17	813	65257	56765
 2024-12-17 5:5:55.871	0.4854	-1.0229	0.2866	155.0293	-8.4839	66.7114	-69.263	-24.868	177.534	28.15	933	65007	56465
 2024-12-17 5:5:55.891	0.4321	-1.0361	0.2075	144.8364	-30.0293	54.8096	-66.264	-23.868	178.726	28.15	982	64766	56142
 2024-12-17 5:5:55.916	0.4268	-0.9092	0.2603	134.8877	-80.4443	34.4849	-64.44	-23.906	-179.462	28.15	946	64548	55821
 2024-12-17 5:5:55.936	0.3774	-0.9072	0.313	134.3384	-67.8101	32.1045	-62.534	-23.923	-177.929	28.17	854	64299	55434
 2024-12-17 5:5:55.956	0.3516	-0.8457	0.2612	116.6992	-37.6587	43.8232	-60.815	-23.489	-176.858	28.12	723	64105	55145
 2024-12-17 5:5:55.976	0.4663	-0.7969	0.3169	95.5811	-44.9829	53.5278	-59.546	-23.154	-175.309	28.18	591	63915	54891
 2024-12-17 5:5:55.996	0.5298	-0.7695	0.2876	85.9985	-22.583	46.7529	-58.057	-22.566	-173.776	28.17	475	63732	54668
 2024-12-17 5:5:56.21	0.5044	-0.7612	0.2549	59.2651	-18.9209	28.5645	-56.981	-22.115	-173.002	28.15	170	63191	53959
 2024-12-17 5:5:56.41	0.4722	-0.7847	0.3037	37.2314	-33.1421	19.9585	-56.354	-21.967	-172.397	28.17	278	63406	54245
 2024-12-17 5:5:56.61	0.4819	-0.7515	0.3433	14.9536	-9.3384	14.6484	-56.168	-22.006	-171.799	28.17	207	63307	54131
 2024-12-17 5:5:56.81	0.4194	-0.7471	0.3613	-4.5776	-29.48	0.0	-56.277	-22.044	-171.524	28.15	125	63250	54044
 2024-12-17 5:5:56.101	0.4038	-0.7656	0.4614	-10.9253	-34.79	-0.061	-56.909	-22.544	-170.947	28.15	37	63225	53994
 2024-12-17 5:5:56.126	0.396	-0.7661	0.478	-11.9019	-9.8877	1.709	-57.42	-22.819	-170.634	28.15	65487	63219	53963
 2024-12-17 5:5:56.146	0.3672	-0.8008	0.48	-8.667	-14.8315	1.5259	-57.81	-22.956	-170.491	28.18	65422	63220	53942
 2024-12-17 5:5:56.166	0.3687	-0.8545	0.5186	-5.4321	-13.6719	7.0801	-58.145	-23.06	-170.277	28.15	65352	63233	53934
 2024-12-17 5:5:56.186	0.4263	-0.8511	0.5229	2.3804	-1.1597	10.8643	-58.343	-22.961	-170.123	28.18	65312	63248	53918
 2024-12-17 5:5:56.211	0.459	-0.8008	0.5117	11.0474	-5.4321	-1.3428	-58.244	-22.989	-170.123	28.18	65277	63246	53901
 2024-12-17 5:5:56.231	0.417	-0.7827	0.5029	18.4326	-5.7983	-11.4746	-57.947	-23.22	-170.211	28.15	65254	63227	53885
 2024-12-17 5:5:56.251	0.3545	-0.7651	0.459	17.9443	-2.4414	-10.6812	-57.596	-23.445	-170.376	28.17	65236	63196	53866
 2024-12-17 5:5:56.271	0.3472	-0.7456	0.4385	15.625	-5.8594	-1.709	-57.321	-23.566	-170.42	28.15	65222	63174	53846
 2024-12-17 5:5:56.291	0.3652	-0.7695	0.4229	6.0425	0.1221	6.897	-57.206	-23.472	-170.431	28.1	65217	63154	53832
 2024-12-17 5:5:56.316	0.4062	-0.7749	0.438	-0.7324	-8.3618	9.6436	-57.365	-23.401	-170.255	28.18	65209	63146	53818
 2024-12-17 5:5:56.336	0.4463	-0.7886	0.4761	-1.9531	-7.2632	7.6294	-57.524	-23.351	-170.123	28.15	65187	63139	53819
 2024-12-17 5:5:56.356	0.4673	-0.7705	0.4741	0.061	0.1831	0.5493	-57.552	-23.351	-170.206	28.18	65174	63138	53817
 2024-12-17 5:5:56.376	0.418	-0.7905	0.4644	-0.4883	-6.0425	-8.4229	-57.596	-23.571	-170.283	28.15	65166	63137	53818
 2024-12-17 5:5:56.396	0.3467	-0.7798	0.4771	-3.6621	-1.5869	-2.0142	-57.684	-23.774	-170.392	28.17	65151	63138	53809
 2024-12-17 5:5:56.421	0.356	-0.7866	0.4897	-2.8076	-4.2725	4.6387	-57.788	-23.802	-170.436	28.15	65137	63141	53806
 2024-12-17 5:5:56.441	0.1992	-0.3931	0.2446	0.3052	-1.2207	8.9722	-57.898	-23.73	-170.392	28.2	65120	63152	53823
 2024-12-17 5:5:56.461	0.4224	-0.79	0.4883	5.0659	-0.061	9.0332	-57.925	-23.582	-170.354	28.17	65112	63158	53799
 2024-12-17 5:5:56.486	0.4355	-0.791	0.4727	5.7373	2.1973	4.3335	-57.843	-23.417	-170.37	28.15	65113	63151	53802
 2024-12-17 5:5:56.506	0.416	-0.7803	0.459	2.2583	-0.8545	-1.4648	-57.777	-23.39	-170.447	28.15	65121	63146	53801
 2024-12-17 5:5:56.526	0.3813	-0.7925	0.4644	-0.6104	-2.1362	-1.9531	-57.783	-23.445	-170.519	28.13	65116	63137	53806
 2024-12-17 5:5:56.546	0.3813	-0.7812	0.4702	-2.7466	-2.2583	1.6479	-57.843	-23.472	-170.557	28.17	65106	63136	53786
 2024-12-17 5:5:56.566	0.4106	-0.7734	0.48	-1.5869	-2.3804	2.6855	-57.931	-23.456	-170.568	28.15	65100	63133	53777
 2024-12-17 5:5:56.586	0.4087	-0.7798	0.4697	-2.3193	-1.77	-0.3052	-58.019	-23.467	-170.601	28.17	65079	63136	53782
 2024-12-17 5:5:56.611	0.3892	-0.7744	0.4707	-2.5635	-4.0894	-1.6479	-58.096	-23.527	-170.629	28.17	65085	63139	53782
 2024-12-17 5:5:56.631	0.3687	-0.7939	0.4697	-4.2725	-0.6104	2.5635	-58.2	-23.522	-170.656	28.15	65075	63144	53777
 2024-12-17 5:5:56.651	0.3931	-0.8052	0.4766	-4.7607	-1.6479	6.4087	-58.337	-23.439	-170.645	28.17	65061	63161	53780
 2024-12-17 5:5:56.671	0.4312	-0.7983	0.4893	-2.2583	-1.6479	3.9673	-58.436	-23.379	-170.634	28.13	65044	63171	53782
 2024-12-17 5:5:56.696	0.4326	-0.7983	0.4805	0.7324	1.709	-2.6855	-58.425	-23.395	-170.766	28.12	65022	63166	53879
 2024-12-17 5:5:56.716	0.396	-0.7939	0.46	-0.3662	-0.7324	-6.6528	-58.414	-23.516	-170.898	28.12	65027	63176	53841
 2024-12-17 5:5:56.736	0.3789	-0.7817	0.4639	-2.0142	-3.2349	-4.6997	-58.464	-23.632	-170.964	28.15	65023	63175	53847
 2024-12-17 5:5:56.756	0.376	-0.7974	0.4629	-3.8452	-0.1831	-0.4883	-58.552	-23.637	-171.035	28.15	65011	63178	53832
 2024-12-17 5:5:56.781	0.3999	-0.7856	0.48	-1.4648	-1.9531	-0.1221	-58.661	-23.654	-171.068	28.17	65024	63217	53842
 2024-12-17 5:5:56.801	0.3916	-0.7896	0.4717	0.5493	1.4648	1.2817	-58.694	-23.659	-171.112	28.17	65013	63196	53845
 2024-12-17 5:5:56.821	0.3994	-0.7988	0.4624	0.1221	0.6714	3.0518	-58.689	-23.61	-171.183	28.17	65014	63199	53832
 2024-12-17 5:5:56.841	0.4165	-0.8022	0.4673	-0.1831	-0.3662	1.8921	-58.711	-23.549	-171.233	28.17	65018	63200	53817
 2024-12-17 5:5:56.866	0.4248	-0.7944	0.4683	-0.1831	0.4883	-1.5869	-58.722	-23.544	-171.299	28.15	65057	63195	53800
 2024-12-17 5:5:56.886	0.4038	-0.7817	0.4634	-0.3662	-1.9531	-6.2256	-58.722	-23.621	-171.392	28.17	65029	63198	53817
 2024-12-17 5:5:56.906	0.3638	-0.7886	0.4629	-1.8311	-2.6245	-4.4556	-58.744	-23.736	-171.475	28.15	65025	63202	53824
 2024-12-17 5:5:56.926	0.3599	-0.7822	0.4668	-2.5024	-0.5493	2.1973	-58.821	-23.758	-171.524	28.12	65019	63207	53815
 2024-12-17 5:5:56.951	0.3843	-0.7939	0.4746	-2.2583	-0.4272	7.8125	-58.903	-23.643	-171.508	28.15	65010	63208	53802
 2024-12-17 5:5:56.971	0.4331	-0.811	0.4805	0.5493	1.5869	7.6294	-58.936	-23.494	-171.502	28.15	64994	63215	53820
 2024-12-17 5:5:56.991	0.4492	-0.8115	0.4722	1.8921	1.0986	0.061	-58.909	-23.45	-171.562	28.13	64986	63210	53821
 2024-12-17 5:5:57.11	0.4307	-0.7866	0.4692	2.1973	-0.3662	-7.6294	-58.848	-23.549	-171.683	28.17	64983	63210	53830
 2024-12-17 5:5:57.31	0.3711	-0.7715	0.4526	1.6479	-0.9155	-9.5215	-58.771	-23.758	-171.87	28.15	64995	63207	53851
 2024-12-17 5:5:57.56	0.3389	-0.7637	0.4448	-1.4648	-1.77	-1.5869	-58.81	-23.802	-171.909	28.15	64996	63209	53842
 2024-12-17 5:5:57.76	0.3569	-0.7993	0.4517	-4.2725	-0.2441	9.2163	-58.947	-23.637	-171.859	28.18	64989	63212	53846
 2024-12-17 5:5:57.96	0.4346	-0.8076	0.4702	-4.7607	0.061	11.9019	-59.106	-23.428	-171.782	28.17	64989	63223	53845
 2024-12-17 5:5:57.116	0.4248	-0.7954	0.4863	3.479	-0.5493	-6.1035	-59.139	-23.456	-171.81	28.15	64988	63232	53852
 2024-12-17 5:5:57.141	0.3779	-0.7905	0.4619	5.3711	2.5635	-5.4321	-59.035	-23.56	-171.936	28.12	64978	63224	53849
 2024-12-17 5:5:57.161	0.3594	-0.7754	0.4404	1.4648	0.9766	-2.0142	-58.92	-23.615	-172.084	28.17	64980	63211	53835
 2024-12-17 5:5:57.181	0.3623	-0.7905	0.4482	-2.8076	-3.1738	4.1504	-58.914	-23.621	-172.139	28.18	64982	63207	53829
 2024-12-17 5:5:57.201	0.4038	-0.8032	0.4678	-5.4932	0.3052	7.5073	-59.035	-23.555	-172.095	28.15	64989	63219	53840
 2024-12-17 5:5:57.221	0.4468	-0.8037	0.48	-1.8311	-2.6245	4.5166	-59.189	-23.423	-172.051	28.17	64986	63220	53852
 2024-12-17 5:5:57.246	0.4512	-0.7925	0.4795	3.0518	1.0376	-4.3945	-59.183	-23.434	-172.09	28.15	64936	63226	53897
 2024-12-17 5:5:57.266	0.3818	-0.7832	0.4497	2.2583	1.77	-9.0942	-59.095	-23.544	-172.244	28.13	64973	63198	53866
 2024-12-17 5:5:57.286	0.3447	-0.7788	0.4487	-0.5493	-3.2349	-1.77	-59.068	-23.643	-172.337	28.18	64968	63209	53859
 2024-12-17 5:5:57.306	0.3652	-0.8022	0.4551	-4.6997	1.4648	6.1646	-59.145	-23.61	-172.348	28.17	64979	63211	53861
 2024-12-17 5:5:57.326	0.415	-0.8091	0.4697	-5.9204	-2.5024	6.6528	-59.332	-23.478	-172.299	28.17	64981	63227	53861
 2024-12-17 5:5:57.351	0.4458	-0.8081	0.4941	-0.3052	-2.5635	1.0986	-59.403	-23.461	-172.271	28.15	64968	63236	53848
 2024-12-17 5:5:57.371	0.4326	-0.7959	0.4756	5.127	5.0049	-4.3335	-59.293	-23.483	-172.408	28.15	64970	63239	53835
 2024-12-17 5:5:57.391	0.3823	-0.7671	0.4434	5.4932	1.2817	-8.4229	-59.139	-23.588	-172.579	28.17	64970	63228	53836
 2024-12-17 5:5:57.411	0.3335	-0.7876	0.437	0.3662	-0.9155	-1.1597	-59.101	-23.643	-172.656	28.15	64966	63218	53833
 2024-12-17 5:5:57.436	0.3579	-0.8027	0.4478	-6.5308	-0.7324	8.667	-59.288	-23.5	-172.601	28.15	64957	63222	53847
 2024-12-17 5:5:57.456	0.2212	-0.3999	0.2378	-4.7607	-5.0659	9.5215	-59.469	-23.379	-172.447	28.15	64951	63236	53843
 2024-12-17 5:5:57.476	0.4653	-0.8003	0.4902	1.4648	2.4414	1.2207	-59.431	-23.335	-172.524	28.17	64957	63232	53844
 2024-12-17 5:5:57.496	0.4189	-0.7974	0.4585	4.2114	2.0142	-7.7515	-59.299	-23.456	-172.689	28.15	64955	63223	53853
 2024-12-17 5:5:57.516	0.3618	-0.7842	0.4492	1.1597	-1.2207	-7.1411	-59.26	-23.593	-172.793	28.15	64953	63225	53850
 2024-12-17 5:5:57.536	0.373	-0.7974	0.4634	-2.9907	-0.1831	8.3618	-59.332	-23.527	-172.793	28.21	64942	63235	53862
 2024-12-17 5:5:57.561	0.4282	-0.8091	0.4766	-1.0986	-1.8921	8.667	-59.431	-23.379	-172.733	28.15	64937	63219	53871
 2024-12-17 5:5:57.581	0.4282	-0.8091	0.4766	2.6855	2.3193	0.9766	-59.469	-23.269	-172.683	28.15	64949	63234	53862
 2024-12-17 5:5:57.601	0.458	-0.8047	0.478	2.6855	2.3193	0.9766	-59.409	-23.231	-172.76	28.15	64952	63230	53863
 2024-12-17 5:5:57.621	0.4238	-0.7886	0.4546	3.54	1.5259	-7.2632	-59.299	-23.351	-172.908	28.12	64943	63235	53869
 2024-12-17 5:5:57.641	0.3335	-0.79	0.4448	-1.77	1.4648	2.0142	-59.26	-23.489	-173.018	28.15	64945	63231	53886
 2024-12-17 5:5:57.666	0.3813	-0.8003	0.457	-5.127	-0.4883	9.7046	-59.332	-23.406	-173.029	28.15	64988	63241	53840
 2024-12-17 5:5:57.686	0.4399	-0.8022	0.481	-2.5024	-1.8921	6.6528	-59.469	-23.258	-172.958	28.13	64960	63247	53862
 2024-12-17 5:5:57.706	0.4473	-0.8032	0.4761	1.709	2.6855	-1.0986	-59.529	-23.187	-172.93	28.18	64955	63248	53840
 2024-12-17 5:5:57.731	0.4072	-0.8008	0.4507	1.9531	1.0986	-7.2632	-59.453	-23.242	-173.073	28.17	64951	63245	53836
 2024-12-17 5:5:57.751	0.3623	-0.792	0.4482	-2.7466	-3.418	-6.7139	-59.442	-23.379	-173.167	28.15	64947	63237	53834
 2024-12-17 5:5:57.771	0.3555	-0.7935	0.4678	-4.8828	-3.8452	0.061	-59.54	-23.472	-173.172	28.15	64945	63247	53836
 2024-12-17 5:5:57.791	0.3857	-0.791	0.4795	-1.8311	-0.7935	5.0049	-59.639	-23.445	-173.139	28.13	64940	63254	53854
 2024-12-17 5:5:57.811	0.4067	-0.7993	0.4756	2.6245	1.4648	4.5166	-59.634	-23.329	-173.134	28.13	64943	63255	53857
 2024-12-17 5:5:57.836	0.416	-0.8086	0.46	5.127	3.7842	3.6621	-59.54	-23.231	-173.188	28.15	64955	63248	53843
 2024-12-17 5:5:57.856	0.4214	-0.8037	0.4463	3.9062	1.77	0.0	-59.447	-23.192	-173.254	28.13	64963	63241	53841
 2024-12-17 5:5:57.876	0.4033	-0.7891	0.4468	0.1831	-0.9766	-4.8218	-59.42	-23.264	-173.326	28.15	64971	63235	53836
 2024-12-17 5:5:57.896	0.3662	-0.7837	0.4546	-1.9531	-3.0518	-3.9673	-59.469	-23.384	-173.364	28.17	64977	63239	53838
 2024-12-17 5:5:57.921	0.3564	-0.793	0.4648	-3.0518	-1.4648	1.8921	-59.551	-23.362	-173.353	28.15	64971	63252	53845
 2024-12-17 5:5:57.941	0.3887	-0.7979	0.4697	-1.6479	0.0	6.3477	-59.617	-23.253	-173.315	28.17	64962	63251	53830
 2024-12-17 5:5:57.961	0.4175	-0.8062	0.4688	-0.2441	1.5259	4.9438	-59.634	-23.148	-173.326	28.15	64954	63251	53826
 2024-12-17 5:5:57.981	0.418	-0.7974	0.4668	1.2817	0.7935	0.9766	-59.601	-23.143	-173.381	28.17	64955	63252	53830
 2024-12-17 5:5:58.1	0.3828	-0.7812	0.458	1.8921	0.0	-5.7373	-59.551	-23.22	-173.458	28.18	64960	63246	53834
 2024-12-17 5:5:58.26	0.3447	-0.7881	0.4507	-0.061	-0.4883	-1.3428	-59.507	-23.302	-173.54	28.18	64972	63238	53822
 2024-12-17 5:5:58.46	0.3672	-0.8062	0.4575	-3.1738	-0.9766	6.897	-59.535	-23.291	-173.551	28.15	64965	63234	53819
 2024-12-17 5:5:58.66	0.4302	-0.8037	0.4727	-1.709	-0.4883	6.6528	-59.634	-23.176	-173.491	28.15	64968	63243	53833
 2024-12-17 5:5:58.86	0.4395	-0.8022	0.4731	1.8921	0.9766	-1.0376	-59.672	-23.093	-173.469	28.15	64957	63249	53838
 2024-12-17 5:5:58.106	0.4028	-0.7944	0.4595	4.0894	1.2817	-5.4932	-59.579	-23.148	-173.573	28.13	64945	63244	53833
 2024-12-17 5:5:58.131	0.3599	-0.7881	0.4448	1.2817	0.9155	-4.3945	-59.502	-23.225	-173.677	28.18	64954	63242	53826
 2024-12-17 5:5:58.151	0.3535	-0.7935	0.4507	-2.6855	-1.6479	1.9531	-59.518	-23.247	-173.716	28.18	64952	63240	53814
 2024-12-17 5:5:58.171	0.3887	-0.8057	0.4692	-3.9062	-1.3428	5.9204	-59.617	-23.192	-173.672	28.15	64959	63252	53803
 2024-12-17 5:5:58.191	0.4258	-0.8018	0.48	-1.0986	-1.0986	3.1738	-59.711	-23.11	-173.622	28.13	64951	63257	53821
 2024-12-17 5:5:58.216	0.4277	-0.8003	0.4766	3.6621	0.8545	-1.6479	-59.661	-23.115	-173.661	28.15	64956	63245	53807
 2024-12-17 5:5:58.236	0.396	-0.793	0.4526	4.1504	3.6011	-4.6997	-59.54	-23.159	-173.787	28.17	64957	63257	53808
 2024-12-17 5:5:58.256	0.3662	-0.7856	0.4424	1.8311	-0.4272	-2.7466	-59.48	-23.209	-173.864	28.15	64953	63241	53815
 2024-12-17 5:5:58.276	0.3652	-0.791	0.4468	-2.6245	0.7324	1.5259	-59.513	-23.198	-173.897	28.13	64954	63244	53812
 2024-12-17 5:5:58.296	0.3838	-0.8047	0.4595	-5.249	-2.5635	4.4556	-59.678	-23.132	-173.831	28.15	64950	63249	53818
 2024-12-17 5:5:58.321	0.4141	-0.8008	0.4854	-3.2959	-2.5024	2.5635	-59.777	-23.11	-173.782	28.15	64940	63252	53817
 2024-12-17 5:5:58.341	0.4131	-0.8076	0.4839	1.6479	1.2207	0.4272	-59.738	-23.093	-173.831	28.15	64940	63248	53810
 2024-12-17 5:5:58.361	0.4048	-0.7988	0.4688	4.0894	2.4414	-2.5024	-59.628	-23.11	-173.93	28.2	64947	63229	53812
 2024-12-17 5:5:58.551	0.4121	-0.7983	0.4697	-1.0986	1.77	7.4463	-59.59	-23.049	-173.99	28.18	64952	63236	53799
 2024-12-17 5:5:58.571	0.4429	-0.8008	0.4678	1.709	-0.5493	1.8921	-59.601	-22.961	-173.974	28.15	64954	63242	53800
 2024-12-17 5:5:58.591	0.4229	-0.8027	0.4551	2.0752	1.6479	-5.3711	-59.535	-23.011	-174.056	28.15	64952	63235	53794
 2024-12-17 5:5:58.616	0.373	-0.7886	0.4434	-1.5259	-0.7324	-8.2397	-59.524	-23.148	-174.161	28.17	64951	63228	53796
 2024-12-17 5:5:58.636	0.3413	-0.7896	0.4604	-4.1504	-4.8828	-2.1973	-59.606	-23.247	-174.15	28.13	64950	63229	53793
 2024-12-17 5:5:58.656	0.3613	-0.79	0.4761	-3.6011	-0.2441	4.8218	-59.711	-23.203	-174.111	28.15	64948	63233	53781
 2024-12-17 5:5:58.676	0.397	-0.8086	0.478	-1.0986	-0.3052	7.0801	-59.777	-23.088	-174.056	28.18	64942	63241	53774
 2024-12-17 5:5:58.696	0.4297	-0.8096	0.481	1.5259	0.3052	3.7231	-59.771	-23.005	-174.034	28.15	64941	63248	53778
 2024-12-17 5:5:58.721	0.4253	-0.8013	0.4712	4.7607	1.709	-1.8921	-59.65	-23.005	-174.106	28.13	64941	63244	53762
 2024-12-17 5:5:58.741	0.3926	-0.791	0.4551	4.8828	2.1362	-4.7607	-59.518	-23.071	-174.216	28.17	64946	63233	53772
 2024-12-17 5:5:58.761	0.3589	-0.7788	0.4443	1.6479	0.4272	-3.2959	-59.474	-23.121	-174.282	28.13	64945	63233	53783
 2024-12-17 5:5:58.781	0.3496	-0.7896	0.4517	-2.6245	-1.77	3.0518	-59.557	-23.082	-174.238	28.15	64941	63232	53790
 2024-12-17 5:5:58.801	0.4341	-0.7979	0.478	-1.1597	0.2441	5.0659	-59.683	-22.934	-174.139	28.15	64945	63234	53784
 2024-12-17 5:5:58.826	0.4258	-0.8145	0.4727	1.4648	0.1221	-1.6479	-59.705	-22.874	-174.128	28.17	64948	63247	53786
 2024-12-17 5:5:58.846	0.3999	-0.7954	0.4644	1.8311	0.7324	-6.1646	-59.661	-22.923	-174.183	28.15	64950	63243	53793
 2024-12-17 5:5:58.866	0.3594	-0.792	0.457	0.9155	-1.5869	-4.8828	-59.606	-23.027	-174.271	28.17	64940	63233	53782
 2024-12-17 5:5:58.886	0.3486	-0.7915	0.4585	-0.7935	-0.1221	0.6104	-59.59	-23.099	-174.304	28.17	64933	63221	53784
 2024-12-17 5:5:58.906	0.3804	-0.7935	0.4639	-0.6714	0.0	6.4697	-59.628	-23.033	-174.287	28.13	64932	63225	53789
 2024-12-17 5:5:58.931	0.4111	-0.7969	0.4692	-0.8545	0.7324	4.4556	-59.667	-22.928	-174.249	28.15	64941	63226	53795
 2024-12-17 5:5:58.951	0.4141	-0.8081	0.4727	1.0376	-0.7324	1.4038	-59.678	-22.879	-174.238	28.13	64937	63220	53800
 2024-12-17 5:5:58.971	0.4077	-0.8057	0.4683	1.77	1.8921	-1.6479	-59.645	-22.879	-174.265	28.17	64939	63213	53799
 2024-12-17 5:5:58.991	0.3921	-0.7881	0.4595	2.2583	0.1831	-3.54	-59.573	-22.934	-174.348	28.17	64938	63218	53804
 2024-12-17 5:5:59.16	0.3604	-0.7896	0.4551	0.6714	-0.2441	-2.6855	-59.546	-22.983	-174.397	28.17	64938	63212	53793
 2024-12-17 5:5:59.36	0.3579	-0.7935	0.4561	-1.8921	-0.1221	2.5024	-59.579	-22.961	-174.397	28.13	64937	63206	53788
 2024-12-17 5:5:59.56	0.3892	-0.7993	0.4688	-3.418	-1.4038	5.4321	-59.672	-22.89	-174.342	28.12	64939	63219	53781
 2024-12-17 5:5:59.76	0.4136	-0.8042	0.4814	-1.0986	-1.4648	3.418	-59.733	-22.835	-174.293	28.18	64952	63225	53784
 2024-12-17 5:5:59.96	0.4111	-0.7944	0.4785	2.5024	0.8545	-0.6714	-59.7	-22.824	-174.309	28.17	64964	63223	53768
 2024-12-17 5:5:59.121	0.3862	-0.7949	0.4634	4.1504	2.1362	-1.0986	-59.579	-22.83	-174.386	28.15	64968	63221	53771
 2024-12-17 5:5:59.141	0.375	-0.7979	0.4497	1.5869	2.2583	0.3662	-59.535	-22.802	-174.441	28.17	64969	63219	53768
 2024-12-17 5:5:59.161	0.3735	-0.7944	0.4521	-2.2583	-1.4648	0.4883	-59.595	-22.808	-174.424	28.15	64968	63224	53788
 2024-12-17 5:5:59.181	0.3853	-0.8013	0.4717	-2.6245	-2.3193	2.7466	-59.678	-22.78	-174.37	28.17	64969	63230	53785
 2024-12-17 5:5:59.201	0.3989	-0.8008	0.4731	0.6714	-0.9155	-0.061	-59.7	-22.747	-174.38	28.17	64963	63231	53783
 2024-12-17 5:5:59.226	0.3853	-0.7998	0.4688	1.77	0.7324	-0.7935	-59.683	-22.758	-174.391	28.18	64958	63225	53797
 2024-12-17 5:5:59.246	0.3818	-0.7935	0.46	2.2583	2.1973	0.1221	-59.639	-22.753	-174.435	28.13	64959	63215	53796
 2024-12-17 5:5:59.266	0.3823	-0.8037	0.4521	0.1831	0.4883	1.0986	-59.59	-22.731	-174.479	28.13	64953	63215	53796
 2024-12-17 5:5:59.286	0.3896	-0.7896	0.4614	-1.5869	-1.4038	-0.6714	-59.601	-22.72	-174.485	28.15	64956	63221	53803
 2024-12-17 5:5:59.306	0.3794	-0.8027	0.4688	-2.3193	-1.5869	0.4272	-59.667	-22.742	-174.474	28.15	64959	63215	53798
 2024-12-17 5:5:59.331	0.3906	-0.7979	0.4712	-1.8921	-1.2817	0.4883	-59.722	-22.747	-174.457	28.15	64971	63228	53757
 2024-12-17 5:5:59.351	0.3916	-0.7988	0.4707	-0.9766	-2.1362	-0.3662	-59.766	-22.758	-174.441	28.15	64957	63227	53797
 2024-12-17 5:5:59.371	0.3906	-0.7974	0.4688	-0.3052	0.6104	-0.3052	-59.788	-22.78	-174.43	28.15	64952	63235	53796
 2024-12-17 5:5:59.391	0.3833	-0.8008	0.4629	0.6104	-0.4883	0.2441	-59.788	-22.78	-174.457	28.15	64943	63239	53798
 2024-12-17 5:5:59.411	0.3882	-0.7959	0.4639	1.4038	1.4038	0.2441	-59.76	-22.769	-174.474	28.17	64934	63234	53797
 2024-12-17 5:5:59.436	0.3745	-0.8013	0.4575	-0.3052	0.6104	0.4883	-59.744	-22.753	-174.501	28.17	64933	63231	53792
 2024-12-17 5:5:59.456	0.3721	-0.8032	0.4712	-1.2817	-3.2349	1.2817	-59.777	-22.747	-174.485	28.15	64922	63236	53781
 2024-12-17 5:5:59.476	0.3887	-0.7959	0.479	1.2207	0.4883	3.0518	-59.793	-22.72	-174.446	28.12	64931	63235	53778
 2024-12-17 5:5:59.496	0.394	-0.8013	0.4653	2.8687	2.5024	2.2583	-59.755	-22.659	-174.463	28.13	64938	63228	53779
 2024-12-17 5:5:59.516	0.3984	-0.8003	0.4575	2.3193	0.0	0.7935	-59.689	-22.615	-174.479	28.17	64946	63225	53775
 2024-12-17 5:5:59.541	0.3975	-0.7983	0.4565	0.6714	0.9766	-0.7935	-59.661	-22.615	-174.512	28.17	64956	63217	53775
 2024-12-17 5:5:59.561	0.3823	-0.793	0.457	-1.0376	-0.4272	-2.1362	-59.667	-22.654	-174.545	28.15	64952	63218	53768
 2024-12-17 5:5:59.581	0.3677	-0.7915	0.4663	-1.8921	-2.3193	-0.9766	-59.711	-22.692	-174.534	28.18	64950	63217	53774
 2024-12-17 5:5:59.601	0.3721	-0.7974	0.4712	-1.3428	0.2441	2.3804	-59.749	-22.67	-174.523	28.17	64948	63218	53762
 2024-12-17 5:5:59.626	0.3813	-0.811	0.4678	-1.709	-0.061	2.8687	-59.804	-22.61	-174.501	28.15	64943	63224	53749
 2024-12-17 5:5:59.646	0.4028	-0.8076	0.478	-0.6104	-1.8311	2.2583	-59.843	-22.588	-174.457	28.15	64940	63221	53750
 2024-12-17 5:5:59.666	0.4023	-0.8003	0.478	2.1362	0.1831	-0.9155	-59.788	-22.599	-174.479	28.18	64942	63224	53749
 2024-12-17 5:5:59.686	0.3818	-0.7925	0.4644	5.0659	1.709	-2.2583	-59.667	-22.626	-174.551	28.15	64939	63224	53748
 2024-12-17 5:5:59.706	0.3623	-0.7925	0.4453	2.6245	3.2959	0.0	-59.59	-22.593	-174.622	28.15	64941	63222	53750
 2024-12-17 5:5:59.726	0.397	-0.8003	0.4702	-4.0894	-2.4414	2.3804	-59.694	-22.544	-174.556	28.18	64940	63224	53764
 2024-12-17 5:5:59.751	0.397	-0.8037	0.4795	-1.709	-1.0986	0.0	-59.793	-22.538	-174.507	28.18	64947	63228	53761
 2024-12-17 5:5:59.771	0.3857	-0.8032	0.4775	0.6714	0.061	-1.2817	-59.815	-22.549	-174.507	28.15	64945	63229	53756
 2024-12-17 5:5:59.791	0.377	-0.8008	0.4717	2.2583	1.2817	-0.1831	-59.788	-22.566	-174.54	28.15	64948	63228	53745
 2024-12-17 5:5:59.811	0.3726	-0.7988	0.4653	2.0142	0.9155	1.1597	-59.722	-22.544	-174.573	28.13	64943	63231	53736
 2024-12-17 5:5:59.836	0.3809	-0.7935	0.4639	2.5024	0.8545	1.6479	-59.678	-22.511	-174.584	28.15	64942	63223	53747
 2024-12-17 5:5:59.856	0.3853	-0.8027	0.4561	0.9766	2.0752	2.1973	-59.639	-22.462	-174.6	28.18	64944	63208	53767
 2024-12-17 5:5:59.876	0.3911	-0.8008	0.458	-2.0142	-1.5259	-0.1221	-59.656	-22.44	-174.606	28.18	64946	63219	53760
 2024-12-17 5:5:59.896	0.3823	-0.8008	0.4756	-2.0752	-3.3569	-1.3428	-59.716	-22.478	-174.578	28.15	64949	63226	53744
 2024-12-17 5:5:59.916	0.3813	-0.7915	0.4785	0.4883	1.2817	0.0	-59.727	-22.495	-174.589	28.17	64948	63224	53745
 2024-12-17 5:5:59.941	0.376	-0.7935	0.4648	2.0142	1.77	0.9155	-59.689	-22.467	-174.622	28.15	64946	63230	53748
 2024-12-17 5:5:59.961	0.377	-0.8013	0.4585	0.5493	0.9766	1.9531	-59.667	-22.429	-174.633	28.15	64952	63231	53754
 2024-12-17 5:5:59.981	0.3892	-0.812	0.4614	-1.2817	0.2441	2.5024	-59.689	-22.385	-174.628	28.15	64960	63224	53761
 2024-12-17 5:6:0.1	0.4062	-0.7969	0.4717	-1.0986	-0.8545	-0.7935	-59.727	-22.396	-174.628	28.15	64950	63219	53763
 2024-12-17 5:6:0.26	0.3848	-0.7944	0.4717	0.0	-0.4883	-4.1504	-59.711	-22.478	-174.672	28.15	64941	63212	53758
 2024-12-17 5:6:0.46	0.3511	-0.7988	0.4644	-0.1831	-0.7935	-2.7466	-59.711	-22.527	-174.694	28.18	64945	63204	53761
 2024-12-17 5:6:0.66	0.353	-0.8057	0.4668	-1.2817	-0.4272	2.5635	-59.749	-22.484	-174.672	28.13	64948	63204	53754
 2024-12-17 5:6:0.86	0.3867	-0.8032	0.4761	-0.4883	0.0	5.3101	-59.782	-22.39	-174.622	28.15	64944	63213	53751
 2024-12-17 5:6:0.106	0.4014	-0.7954	0.4648	3.1128	2.0142	-2.0142	-59.711	-22.335	-174.65	28.15	64944	63216	53743
 2024-12-17 5:6:0.131	0.3687	-0.7988	0.4531	1.5259	-0.3662	-3.1738	-59.639	-22.368	-174.716	28.15	64949	63221	53726
 2024-12-17 5:6:0.151	0.3613	-0.7949	0.4526	-2.3193	-1.5259	-0.4883	-59.623	-22.418	-174.738	28.15	64956	63221	53716
 2024-12-17 5:6:0.171	0.3809	-0.8013	0.4648	-4.3945	-4.5166	2.0142	-59.7	-22.434	-174.705	28.18	64948	63223	53728
 2024-12-17 5:6:0.191	0.3999	-0.8003	0.4785	-3.0518	-1.77	0.1831	-59.832	-22.451	-174.617	28.18	64941	63227	53736
 2024-12-17 5:6:0.381	0.394	-0.8027	0.4692	2.4414	2.7466	2.9297	-59.815	-22.302	-174.644	28.18	64939	63230	53760
 2024-12-17 5:6:0.401	0.3965	-0.8032	0.4595	2.0752	1.0376	0.1831	-59.76	-22.275	-174.672	28.18	64946	63232	53762
 2024-12-17 5:6:0.421	0.3853	-0.7925	0.457	0.2441	-0.1831	-2.5635	-59.738	-22.308	-174.699	28.17	64943	63231	53753
 2024-12-17 5:6:0.441	0.3594	-0.8013	0.4595	-1.709	-1.4038	-1.0376	-59.766	-22.346	-174.705	28.15	64951	63223	53744
 2024-12-17 5:6:0.466	0.3735	-0.7964	0.4673	-2.1362	-0.4883	2.0752	-59.832	-22.324	-174.677	28.2	64945	63222	53735
 2024-12-17 5:6:0.486	0.3887	-0.8081	0.4678	-1.4648	0.3662	1.4648	-59.865	-22.291	-174.677	28.15	64932	63226	53745
 2024-12-17 5:6:0.506	0.395	-0.8071	0.4702	-1.6479	-0.9155	-0.3662	-59.903	-22.308	-174.672	28.13	64927	63228	53747
 2024-12-17 5:6:0.526	0.3848	-0.7954	0.4746	0.4883	-1.2207	-2.7466	-59.886	-22.368	-174.683	28.13	64930	63232	53755
 2024-12-17 5:6:0.546	0.3594	-0.8057	0.4546	0.6104	1.8311	3.0518	-59.815	-22.357	-174.732	28.21	64925	63231	53754
 2024-12-17 5:6:0.571	0.3892	-0.8022	0.4614	-1.8311	-0.6104	3.54	-59.821	-22.286	-174.732	28.13	64933	63226	53748
 2024-12-17 5:6:0.591	0.4019	-0.7979	0.4707	-1.2817	-0.7935	-0.061	-59.87	-22.247	-174.694	28.13	64939	63223	53713
 2024-12-17 5:6:0.611	0.3784	-0.793	0.4634	-0.2441	0.0	-2.9297	-59.892	-22.269	-174.699	28.15	64945	63214	53720
 2024-12-17 5:6:0.631	0.355	-0.8037	0.4683	-0.061	-9.5825	-0.1831	-59.919	-22.357	-174.644	28.18	64934	63212	53722
 2024-12-17 5:6:0.656	0.3726	-0.8105	0.4829	0.7935	5.6763	5.127	-59.93	-22.33	-174.589	28.15	64927	63220	53726
 2024-12-17 5:6:0.676	0.3892	-0.8057	0.4614	2.9297	2.5024	3.9062	-59.881	-22.209	-174.622	28.15	64932	63220	53735
 2024-12-17 5:6:0.696	0.4033	-0.8022	0.4697	2.9297	-0.7935	0.0	-59.826	-22.17	-174.622	28.17	64934	63215	53743
 2024-12-17 5:6:0.716	0.3843	-0.8037	0.4512	0.5493	3.6011	-2.9297	-59.771	-22.181	-174.672	28.18	64939	63213	53751
 2024-12-17 5:6:0.736	0.3608	-0.8047	0.4541	-3.2959	-4.0283	-3.3569	-59.81	-22.264	-174.699	28.13	64938	63213	53746
 2024-12-17 5:6:0.761	0.3643	-0.8018	0.4839	-2.7466	-1.8921	0.3662	-59.886	-22.297	-174.666	28.15	64932	63217	53761
 2024-12-17 5:6:0.781	0.3784	-0.8018	0.4814	0.9766	3.1128	2.2583	-59.875	-22.247	-174.688	28.18	64934	63224	53752
 2024-12-17 5:6:0.801	0.3896	-0.7998	0.4702	3.7842	1.709	0.1831	-59.804	-22.214	-174.727	28.17	64939	63227	53741
 2024-12-17 5:6:0.821	0.3784	-0.7954	0.4526	2.3193	2.6245	-1.5869	-59.711	-22.209	-174.809	28.15	64946	63233	53723
 2024-12-17 5:6:0.846	0.356	-0.792	0.4453	-1.6479	-1.6479	-1.2817	-59.749	-22.247	-174.798	28.17	64937	63230	53719
 2024-12-17 5:6:0.866	0.3643	-0.7842	0.4658	-4.6997	-3.418	3.479	-59.881	-22.22	-174.699	28.12	64932	63255	53755
 2024-12-17 5:6:0.886	0.3877	-0.793	0.4819	-3.8452	-0.5493	6.958	-59.991	-22.104	-174.622	28.15	64935	63237	53721
 2024-12-17 5:6:0.906	0.4126	-0.791	0.4868	-0.061	0.0	5.9204	-60.007	-22.006	-174.562	28.18	64931	63236	53728
 2024-12-17 5:6:0.931	0.3682	-0.8188	0.4404	2.9297	3.7842	0.0	-59.875	-21.94	-174.633	28.13	64942	63222	53746
 2024-12-17 5:6:0.951	0.3574	-0.813	0.4355	-2.8687	-2.5635	-0.1831	-59.832	-21.923	-174.683	28.15	64956	63220	53723
 2024-12-17 5:6:0.971	0.3521	-0.814	0.4551	-5.9204	-6.4087	-0.2441	-59.93	-21.967	-174.622	28.15	64956	63220	53721
 2024-12-17 5:6:0.991	0.3452	-0.8125	0.4731	-6.5918	-2.6855	-0.061	-60.09	-22.028	-174.529	28.12	64958	63228	53734
 2024-12-17 5:6:1.16	0.3394	-0.8237	0.4824	-3.8452	-4.6997	2.9297	-60.266	-22.039	-174.441	28.13	64942	63235	53737
 2024-12-17 5:6:1.36	0.3608	-0.8188	0.4902	0.4272	-1.0986	5.4321	-60.331	-21.984	-174.348	28.15	64938	63247	53740
 2024-12-17 5:6:1.56	0.3892	-0.812	0.479	4.6387	2.5635	6.2866	-60.298	-21.868	-174.304	28.18	64933	63248	53726
 2024-12-17 5:6:1.76	0.3936	-0.8022	0.4639	6.4087	0.8545	2.9907	-60.189	-21.764	-174.287	28.17	64930	63242	53716
 2024-12-17 5:6:1.96	0.3833	-0.7876	0.4526	6.5918	2.6855	1.3428	-60.018	-21.698	-174.304	28.2	64936	63236	53712
 2024-12-17 5:6:1.121	0.3647	-0.7856	0.4326	3.7231	2.7466	2.8687	-59.903	-21.638	-174.337	28.13	64942	63233	53702
 2024-12-17 5:6:1.141	0.3672	-0.8066	0.4341	-1.709	0.9155	5.4321	-59.892	-21.55	-174.326	28.18	64940	63234	53702
 2024-12-17 5:6:1.161	0.3955	-0.8193	0.4521	-5.6152	0.4883	5.0049	-59.985	-21.456	-174.293	28.15	64945	63241	53713
 2024-12-17 5:6:1.181	0.4053	-0.8228	0.4692	-5.7373	0.061	-1.8311	-60.139	-21.445	-174.287	28.15	64948	63242	53731
 2024-12-17 5:6:1.206	0.3809	-0.8276	0.4746	-3.9673	-0.5493	-7.2632	-60.211	-21.561	-174.348	28.13	64944	63248	53742
 2024-12-17 5:6:1.226	0.3457	-0.8145	0.4746	-2.1973	-1.0986	-8.9722	-60.238	-21.725	-174.43	28.18	64929	63245	53746
 2024-12-17 5:6:1.246	0.3311	-0.8057	0.4751	-1.4648	-0.061	-3.8452	-60.255	-21.819	-174.479	28.17	64923	63251	53745
 2024-12-17 5:6:1.266	0.3403	-0.8086	0.4761	0.4883	0.6714	1.5869	-60.249	-21.802	-174.49	28.2	64920	63256	53745
 2024-12-17 5:6:1.456	0.3853	-0.8101	0.4663	5.6763	5.4321	-2.6245	-59.969	-21.742	-175.111	28.13	64987	63248	53766
 2024-12-17 5:6:1.476	0.3511	-0.8066	0.4512	3.54	1.5259	-5.3101	-59.793	-21.775	-175.259	28.17	64989	63237	53779
 2024-12-17 5:6:1.501	0.3379	-0.7915	0.4595	-0.4883	-1.2817	-2.1973	-59.749	-21.835	-175.303	28.17	64991	63226	53770
 2024-12-17 5:6:1.521	0.3467	-0.79	0.4712	-2.8687	-2.0142	2.1362	-59.799	-21.846	-175.276	28.13	64990	63233	53762
 2024-12-17 5:6:1.541	0.3706	-0.7974	0.4854	-1.8921	-2.0142	4.8218	-59.875	-21.802	-175.204	28.17	64988	63247	53763
 2024-12-17 5:6:1.561	0.3901	-0.8081	0.4868	0.7324	1.709	4.0283	-59.897	-21.698	-175.161	28.15	64987	63251	53758
 2024-12-17 5:6:1.586	0.3916	-0.8149	0.4746	2.5024	0.9155	0.9155	-59.854	-21.66	-175.166	28.18	64999	63244	53770
 2024-12-17 5:6:1.606	0.3789	-0.8037	0.4688	3.0518	-0.3052	-2.4414	-59.782	-21.687	-175.188	28.15	65001	63234	53770
 2024-12-17 5:6:1.626	0.3584	-0.7891	0.4595	4.2114	1.2817	-1.1597	-59.694	-21.703	-175.221	28.15	65001	63221	53760
 2024-12-17 5:6:1.646	0.3481	-0.79	0.4453	1.9531	2.7466	2.6855	-59.634	-21.654	-175.248	28.18	65007	63218	53752
 2024-12-17 5:6:1.666	0.354	-0.8057	0.4468	-3.2959	0.7324	4.8218	-59.683	-21.566	-175.232	28.13	65012	63223	53769
