Chiptime	ax(g)	ay(g)	az(g)	wx(deg/s)	wy(deg/s)	wz(deg/s)	AngleX(deg)	AngleY(deg)	AngleZ(deg)	T(°)	magx	magy	magz
 2024-12-17 5:5:30.991	-0.001	0.0015	1.0	0.0	0.0	0.0	0.055	0.038	-171.667	28.17	7199	54794	53114
 2024-12-17 5:5:31.11	-0.001	0.001	0.9995	0.0	0.0	0.0	0.055	0.038	-171.667	28.18	7209	54802	53090
 2024-12-17 5:5:31.31	-0.0015	0.0015	0.999	0.0	0.0	0.0	0.055	0.038	-171.667	28.18	7208	54810	53093
 2024-12-17 5:5:31.56	-0.0005	0.0	1.0	0.0	0.0	0.0	0.055	0.038	-171.667	28.17	7210	54811	53085
 2024-12-17 5:5:31.76	0.0	0.0	0.999	0.0	0.0	0.0	0.055	0.038	-171.667	28.2	7210	54798	53079
 2024-12-17 5:5:31.96	0.0	0.0005	0.9995	0.0	0.0	0.0	0.055	0.038	-171.667	28.17	7200	54791	53093
 2024-12-17 5:5:31.116	-0.0005	0.0005	0.999	0.0	0.0	0.0	0.055	0.038	-171.667	28.15	7201	54788	53097
 2024-12-17 5:5:31.136	-0.0005	0.0005	0.999	0.0	0.0	0.0	0.055	0.038	-171.667	28.13	7206	54776	53098
 2024-12-17 5:5:31.161	-0.0005	0.001	1.0	0.0	0.0	0.0	0.055	0.038	-171.667	28.2	7201	54784	53086
 2024-12-17 5:5:31.181	-0.001	0.0005	0.9995	0.0	0.0	0.0	0.055	0.038	-171.667	28.17	7192	54788	53094
 2024-12-17 5:5:31.201	0.0	0.0005	0.999	0.0	0.0	0.0	0.055	0.038	-171.667	28.21	7192	54791	53105
 2024-12-17 5:5:31.221	0.0	0.0005	0.9995	0.0	0.0	0.0	0.055	0.038	-171.667	28.2	7202	54795	53126
 2024-12-17 5:5:31.246	0.0	0.001	0.999	0.0	0.0	0.0	0.049	0.038	-171.667	28.18	7210	54794	53123
 2024-12-17 5:5:31.266	-0.0005	0.0005	0.9995	0.0	0.0	0.0	0.049	0.038	-171.667	28.17	7186	54795	53100
 2024-12-17 5:5:31.286	0.0	0.001	0.9995	0.0	0.0	0.0	0.049	0.038	-171.667	28.17	7202	54795	53118
 2024-12-17 5:5:31.306	-0.0005	0.001	0.9985	0.0	0.0	0.0	0.049	0.038	-171.667	28.17	7205	54786	53114
 2024-12-17 5:5:31.326	0.0	0.0015	0.999	0.0	0.0	0.0	0.049	0.038	-171.667	28.18	7198	54782	53113
 2024-12-17 5:5:31.351	0.0	0.001	0.9995	0.0	0.0	0.0	0.049	0.038	-171.667	28.17	7198	54786	53109
 2024-12-17 5:5:31.371	0.0	0.0005	0.999	0.0	0.0	0.0	0.049	0.038	-171.667	28.17	7210	54789	53115
 2024-12-17 5:5:31.391	-0.0005	0.001	0.999	0.0	0.0	0.0	0.049	0.038	-171.667	28.15	7213	54795	53114
 2024-12-17 5:5:31.411	-0.001	0.0005	0.9995	0.0	0.0	0.0	0.049	0.038	-171.667	28.18	7216	54800	53132
 2024-12-17 5:5:31.431	-0.0005	0.0005	0.999	0.0	0.0	0.0	0.055	0.038	-171.667	28.15	7218	54798	53131
 2024-12-17 5:5:31.456	-0.001	0.001	0.9995	0.0	0.0	0.0	0.049	0.038	-171.667	28.18	7220	54798	53124
 2024-12-17 5:5:31.476	-0.0005	0.001	0.9995	0.0	0.0	0.0	0.055	0.038	-171.667	28.15	7222	54798	53104
 2024-12-17 5:5:31.496	0.0	0.001	0.9995	0.0	0.0	0.0	0.055	0.038	-171.667	28.18	7215	54797	53095
 2024-12-17 5:5:31.516	-0.001	0.0005	0.999	0.0	0.0	0.0	0.055	0.038	-171.667	28.15	7215	54787	53079
 2024-12-17 5:5:31.536	0.0	0.001	0.999	0.0	0.0	0.0	0.055	0.038	-171.667	28.15	7220	54782	53060
 2024-12-17 5:5:31.561	0.0	0.001	0.999	0.0	0.0	0.0	0.055	0.038	-171.667	28.18	7217	54772	53055
 2024-12-17 5:5:31.581	-0.0015	0.001	0.9995	0.0	0.0	0.0	0.055	0.038	-171.667	28.18	7228	54819	53103
 2024-12-17 5:5:31.601	-0.001	0.001	0.9995	0.0	0.0	0.0	0.055	0.038	-171.667	28.18	7210	54787	53083
 2024-12-17 5:5:31.621	0.0	0.0005	0.999	0.0	0.0	0.0	0.055	0.038	-171.667	28.17	7209	54794	53095
 2024-12-17 5:5:31.641	0.0	0.002	0.999	0.0	0.0	0.0	0.055	0.038	-171.667	28.17	7208	54795	53073
 2024-12-17 5:5:31.661	-0.0005	0.001	1.0	0.0	0.0	0.0	0.055	0.038	-171.667	28.17	7214	54795	53066
 2024-12-17 5:5:31.686	-0.001	0.0005	1.0	0.0	0.0	0.0	0.055	0.038	-171.667	28.18	7203	54798	53070
 2024-12-17 5:5:31.706	-0.0005	0.0005	0.9995	0.0	0.0	0.0	0.055	0.038	-171.667	28.17	7188	54792	53067
 2024-12-17 5:5:31.726	-0.0005	0.001	0.999	0.0	0.0	0.0	0.055	0.038	-171.667	28.18	7190	54791	53057
 2024-12-17 5:5:31.746	0.0	0.001	0.9995	0.0	0.0	0.0	0.055	0.038	-171.667	28.21	7199	54795	53067
 2024-12-17 5:5:31.771	0.0	0.0	0.9995	0.0	0.0	0.0	0.055	0.038	-171.667	28.17	7193	54796	53065
 2024-12-17 5:5:31.791	-0.0005	0.001	0.999	0.0	0.0	0.0	0.055	0.038	-171.667	28.18	7191	54802	53054
 2024-12-17 5:5:31.811	-0.001	0.001	0.9995	0.0	0.0	0.0	0.055	0.038	-171.667	28.18	7193	54803	53067
 2024-12-17 5:5:31.831	-0.0005	0.0015	0.999	0.0	0.0	0.0	0.055	0.038	-171.667	28.18	7201	54807	53072
 2024-12-17 5:5:31.856	-0.001	0.0015	0.999	0.0	0.0	0.0	0.055	0.038	-171.667	28.17	7201	54798	53074
 2024-12-17 5:5:31.876	-0.001	0.0005	0.9995	0.0	0.0	0.0	0.055	0.038	-171.667	28.15	7188	54789	53074
 2024-12-17 5:5:31.896	0.0	0.0005	1.0	0.0	0.0	0.0	0.055	0.038	-171.667	28.15	7190	54792	53076
 2024-12-17 5:5:31.916	0.0	0.001	0.9995	0.0	0.0	0.0	0.055	0.038	-171.667	28.17	7197	54792	53072
 2024-12-17 5:5:31.941	-0.0005	0.001	0.9995	0.0	0.0	0.0	0.055	0.038	-171.667	28.17	7210	54789	53068
 2024-12-17 5:5:31.961	-0.001	0.001	0.999	0.0	0.0	0.0	0.055	0.038	-171.667	28.18	7214	54774	53081
 2024-12-17 5:5:31.981	-0.0005	0.001	0.9995	0.0	0.0	0.0	0.055	0.038	-171.667	28.18	7211	54780	53084
 2024-12-17 5:5:32.1	-0.0005	0.001	1.0	0.0	0.0	0.0	0.055	0.038	-171.667	28.18	7210	54786	53073
 2024-12-17 5:5:32.21	-0.0005	0.001	0.9995	0.0	0.0	0.0	0.055	0.038	-171.667	28.17	7206	54793	53071
 2024-12-17 5:5:32.46	-0.0005	0.0005	0.9995	0.0	0.0	0.0	0.055	0.038	-171.667	28.17	7201	54800	53073
 2024-12-17 5:5:32.66	0.0	0.0005	0.9995	0.0	0.0	0.0	0.055	0.038	-171.667	28.2	7233	54763	53057
 2024-12-17 5:5:32.86	-0.0005	0.001	0.9995	0.0	0.0	0.0	0.055	0.038	-171.667	28.15	7211	54785	53070
 2024-12-17 5:5:32.106	-0.0005	0.0015	1.0	0.0	0.0	0.0	0.055	0.038	-171.667	28.15	7214	54787	53082
 2024-12-17 5:5:32.126	-0.0005	0.001	0.998	0.0	0.0	0.0	0.055	0.038	-171.667	28.18	7209	54784	53097
 2024-12-17 5:5:32.146	-0.0005	0.001	0.999	0.0	0.0	0.0	0.055	0.038	-171.667	28.23	7200	54781	53103
 2024-12-17 5:5:32.171	0.0005	0.001	1.0	0.0	0.0	0.0	0.055	0.038	-171.667	28.2	7206	54783	53100
 2024-12-17 5:5:32.191	-0.0005	0.001	0.999	0.0	0.0	0.0	0.055	0.033	-171.667	28.18	7199	54794	53084
