Chiptime	ax(g)	ay(g)	az(g)	wx(deg/s)	wy(deg/s)	wz(deg/s)	AngleX(deg)	AngleY(deg)	AngleZ(deg)	T(°)	magx	magy	magz
 2024-12-17 4:54:58.341	0.0166	0.0146	-1.0049	0.0	0.0	0.0	179.16	-0.95	-38.919	28.15	63503	63031	5180
 2024-12-17 4:54:58.351	0.0161	0.0146	-1.0049	0.0	0.0	0.0	179.16	-0.95	-38.919	28.15	63507	63034	5179
 2024-12-17 4:54:58.361	0.0161	0.0146	-1.0049	0.0	0.0	0.0	179.16	-0.95	-38.919	28.12	63510	63030	5172
 2024-12-17 4:54:58.371	0.0166	0.0146	-1.0044	0.0	0.0	0.0	179.16	-0.95	-38.919	28.12	63508	63027	5165
 2024-12-17 4:54:58.381	0.0166	0.0137	-1.0054	0.0	0.0	0.0	179.16	-0.95	-38.919	28.12	63500	63026	5166
 2024-12-17 4:54:58.396	0.0166	0.0137	-1.0054	0.0	0.0	0.0	179.16	-0.95	-38.919	28.12	63491	63028	5169
 2024-12-17 4:54:58.561	0.0166	0.0146	-1.0044	0.0	0.0	0.0	179.16	-0.95	-38.919	28.12	63477	63030	5164
 2024-12-17 4:54:58.571	0.0166	0.0142	-1.0044	0.0	0.0	0.0	179.16	-0.95	-38.919	28.12	63477	63030	5172
 2024-12-17 4:54:58.581	0.0166	0.0142	-1.0044	0.0	0.0	0.0	179.16	-0.95	-38.919	28.13	63478	63031	5181
 2024-12-17 4:54:58.591	0.0166	0.0146	-1.0039	0.0	0.0	0.0	179.16	-0.95	-38.919	28.13	63478	63028	5184
 2024-12-17 4:54:58.601	0.0166	0.0142	-1.0049	0.0	0.0	0.0	179.16	-0.95	-38.919	28.17	63479	63024	5193
 2024-12-17 4:54:58.616	0.0166	0.0142	-1.0049	0.0	0.0	0.0	179.16	-0.95	-38.919	28.17	63482	63028	5206
 2024-12-17 4:54:58.626	0.0166	0.0146	-1.0044	0.0	0.0	0.0	179.16	-0.95	-38.919	28.17	63479	63030	5209
 2024-12-17 4:54:58.636	0.0166	0.0146	-1.0044	0.0	0.0	0.0	179.16	-0.95	-38.919	28.17	63477	63031	5204
 2024-12-17 4:54:58.646	0.0166	0.0146	-1.0049	0.0	0.0	0.0	179.16	-0.95	-38.919	28.15	63474	63034	5201
 2024-12-17 4:54:58.656	0.0166	0.0146	-1.0049	0.0	0.0	0.0	179.16	-0.95	-38.919	28.15	63470	63036	5199
 2024-12-17 4:54:58.666	0.0166	0.0146	-1.0049	0.0	0.0	0.0	179.16	-0.95	-38.919	28.12	63467	63036	5198
 2024-12-17 4:54:58.676	0.0166	0.0146	-1.0049	0.0	0.0	0.0	179.16	-0.95	-38.919	28.12	63464	63035	5193
 2024-12-17 4:54:58.691	0.0166	0.0142	-1.0044	0.0	0.0	0.0	179.16	-0.95	-38.919	28.18	63464	63036	5187
 2024-12-17 4:54:58.701	0.0166	0.0142	-1.0044	0.0	0.0	0.0	179.16	-0.95	-38.919	28.15	63465	63043	5170
 2024-12-17 4:54:58.711	0.0171	0.0146	-1.0044	0.0	0.0	0.0	179.16	-0.95	-38.919	28.15	63465	63042	5160
 2024-12-17 4:54:58.721	0.0171	0.0146	-1.0044	0.0	0.0	0.0	179.16	-0.95	-38.919	28.12	63463	63036	5159
 2024-12-17 4:54:58.731	0.0166	0.0146	-1.0049	0.0	0.0	0.0	179.16	-0.95	-38.919	28.12	63463	63031	5162
 2024-12-17 4:54:58.741	0.0161	0.0142	-1.0049	0.0	0.0	0.0	179.16	-0.95	-38.919	28.13	63467	63032	5178
 2024-12-17 4:54:58.756	0.0161	0.0142	-1.0049	0.0	0.0	0.0	179.16	-0.95	-38.919	28.13	63464	63036	5184
 2024-12-17 4:54:58.766	0.0166	0.0142	-1.0049	0.0	0.0	0.0	179.16	-0.95	-38.919	28.15	63482	63067	5140
 2024-12-17 4:54:58.776	0.0166	0.0142	-1.0049	0.0	0.0	0.0	179.16	-0.95	-38.919	28.15	63472	63046	5174
 2024-12-17 4:54:58.786	0.0161	0.0146	-1.0044	0.0	0.0	0.0	179.16	-0.95	-38.919	28.17	63475	63042	5173
 2024-12-17 4:54:58.796	0.0161	0.0146	-1.0044	0.0	0.0	0.0	179.16	-0.95	-38.919	28.17	63473	63034	5176
 2024-12-17 4:54:58.806	0.0161	0.0146	-1.0054	0.0	0.0	0.0	179.16	-0.95	-38.919	28.12	63469	63034	5175
 2024-12-17 4:54:58.816	0.0161	0.0146	-1.0054	0.0	0.0	0.0	179.16	-0.95	-38.919	28.12	63468	63036	5164
 2024-12-17 4:54:58.986	0.0171	0.0146	-1.0049	0.0	0.0	0.0	179.16	-0.95	-38.919	28.13	63487	63037	5160
 2024-12-17 4:54:59.1	0.0171	0.0146	-1.0049	0.0	0.0	0.0	179.16	-0.95	-38.919	28.1	63488	63038	5151
 2024-12-17 4:54:59.11	0.0166	0.0146	-1.0044	0.0	0.0	0.0	179.16	-0.95	-38.919	28.1	63488	63041	5150
 2024-12-17 4:54:59.21	0.0166	0.0146	-1.0044	0.0	0.0	0.0	179.16	-0.95	-38.919	28.15	63484	63047	5156
 2024-12-17 4:54:59.31	0.0171	0.0142	-1.0049	0.0	0.0	0.0	179.16	-0.95	-38.919	28.15	63481	63047	5160
 2024-12-17 4:54:59.41	0.0171	0.0142	-1.0049	0.0	0.0	0.0	179.16	-0.95	-38.919	28.17	63481	63044	5154
 2024-12-17 4:54:59.51	0.0171	0.0142	-1.0049	0.0	0.0	0.0	179.16	-0.95	-38.919	28.17	63478	63042	5141
 2024-12-17 4:54:59.61	0.0161	0.0146	-1.0044	0.0	0.0	0.0	179.16	-0.95	-38.919	28.13	63472	63040	5134
 2024-12-17 4:54:59.76	0.0161	0.0146	-1.0044	0.0	0.0	0.0	179.16	-0.95	-38.919	28.13	63472	63040	5135
 2024-12-17 4:54:59.86	0.0161	0.0146	-1.0049	0.0	0.0	0.0	179.16	-0.95	-38.919	28.13	63482	63063	5167
 2024-12-17 4:54:59.96	0.0161	0.0146	-1.0049	0.0	0.0	0.0	179.16	-0.95	-38.919	28.13	63475	63044	5144
 2024-12-17 4:54:59.106	0.0166	0.0146	-1.0049	0.0	0.0	0.0	179.16	-0.95	-38.919	28.15	63474	63042	5142
 2024-12-17 4:54:59.116	0.0166	0.0146	-1.0049	0.0	0.0	0.0	179.16	-0.95	-38.919	28.15	63475	63040	5146
 2024-12-17 4:54:59.126	0.0166	0.0146	-1.0049	0.0	0.0	0.0	179.16	-0.95	-38.919	28.13	63473	63037	5153
 2024-12-17 4:54:59.136	0.0166	0.0146	-1.0049	0.0	0.0	0.0	179.16	-0.95	-38.919	28.13	63472	63030	5154
 2024-12-17 4:54:59.151	0.0171	0.0142	-1.0039	0.0	0.0	0.0	179.16	-0.95	-38.919	28.13	63474	63024	5152
 2024-12-17 4:54:59.161	0.0171	0.0142	-1.0039	0.0	0.0	0.0	179.16	-0.95	-38.919	28.12	63479	63022	5158
 2024-12-17 4:54:59.171	0.0166	0.0142	-1.0049	0.0	0.0	0.0	179.16	-0.95	-38.919	28.12	63476	63024	5165
 2024-12-17 4:54:59.181	0.0166	0.0142	-1.0049	0.0	0.0	0.0	179.16	-0.95	-38.919	28.13	63476	63026	5170
 2024-12-17 4:54:59.191	0.0166	0.0146	-1.0039	0.0	0.0	0.0	179.16	-0.956	-38.919	28.13	63476	63025	5177
 2024-12-17 4:54:59.361	0.0166	0.0142	-1.0049	0.0	0.0	0.0	179.16	-0.956	-38.919	28.13	63460	63031	5140
 2024-12-17 4:54:59.371	0.0161	0.0142	-1.0049	0.0	0.0	0.0	179.16	-0.956	-38.919	28.13	63467	63030	5136
 2024-12-17 4:54:59.381	0.0161	0.0142	-1.0049	0.0	0.0	0.0	179.16	-0.956	-38.919	28.13	63472	63034	5136
 2024-12-17 4:54:59.391	0.0166	0.0146	-1.0049	0.0	0.0	0.0	179.16	-0.956	-38.919	28.13	63474	63037	5135
 2024-12-17 4:54:59.401	0.0166	0.0146	-1.0049	0.0	0.0	0.0	179.16	-0.956	-38.919	28.15	63479	63038	5135
 2024-12-17 4:54:59.411	0.0171	0.0142	-1.0049	0.0	0.0	0.0	179.16	-0.956	-38.919	28.15	63482	63038	5139
 2024-12-17 4:54:59.426	0.0166	0.0142	-1.0049	0.0	0.0	0.0	179.16	-0.956	-38.919	28.18	63483	63037	5145
 2024-12-17 4:54:59.591	0.0161	0.0146	-1.0044	0.0	0.0	0.0	179.16	-0.956	-38.919	28.13	63475	63022	5160
 2024-12-17 4:54:59.601	0.0161	0.0146	-1.0044	0.0	0.0	0.0	179.16	-0.956	-38.919	28.13	63470	63019	5159
 2024-12-17 4:54:59.611	0.0161	0.0151	-1.0054	0.0	0.0	0.0	179.16	-0.956	-38.919	28.18	63470	63018	5157
 2024-12-17 4:54:59.621	0.0161	0.0151	-1.0054	0.0	0.0	0.0	179.16	-0.956	-38.919	28.18	63474	63018	5151
 2024-12-17 4:54:59.631	0.0166	0.0151	-1.0044	0.0	0.0	0.0	179.16	-0.956	-38.919	28.15	63478	63019	5146
 2024-12-17 4:54:59.646	0.0166	0.0151	-1.0044	0.0	0.0	0.0	179.16	-0.956	-38.919	28.15	63480	63022	5135
 2024-12-17 4:54:59.656	0.0166	0.0146	-1.0054	0.0	0.0	0.0	179.16	-0.956	-38.919	28.17	63483	63023	5118
 2024-12-17 4:54:59.666	0.0166	0.0146	-1.0054	0.0	0.0	0.0	179.16	-0.956	-38.919	28.18	63485	63022	5115
 2024-12-17 4:54:59.676	0.0156	0.0142	-1.0054	0.0	0.0	0.0	179.16	-0.956	-38.919	28.18	63486	63019	5116
 2024-12-17 4:54:59.686	0.0156	0.0142	-1.0054	0.0	0.0	0.0	179.16	-0.956	-38.919	28.17	63486	63017	5121
 2024-12-17 4:54:59.696	0.0166	0.0146	-1.0049	0.0	0.0	0.0	179.16	-0.95	-38.919	28.17	63483	63013	5125
 2024-12-17 4:54:59.706	0.0166	0.0142	-1.0039	0.0	0.0	0.0	179.16	-0.95	-38.919	28.17	63479	63014	5130
 2024-12-17 4:54:59.721	0.0166	0.0142	-1.0039	0.0	0.0	0.0	179.16	-0.95	-38.919	28.17	63475	63020	5136
 2024-12-17 4:54:59.731	0.0171	0.0146	-1.0054	0.0	0.0	0.0	179.16	-0.95	-38.919	28.17	63463	63028	5142
 2024-12-17 4:54:59.741	0.0171	0.0146	-1.0054	0.0	0.0	0.0	179.16	-0.95	-38.919	28.17	63462	63034	5138
 2024-12-17 4:54:59.751	0.0166	0.0146	-1.0044	0.0	0.0	0.0	179.16	-0.95	-38.919	28.13	63468	63041	5134
 2024-12-17 4:54:59.761	0.0166	0.0146	-1.0044	0.0	0.0	0.0	179.16	-0.95	-38.919	28.13	63473	63045	5129
 2024-12-17 4:54:59.771	0.0161	0.0146	-1.0049	0.0	0.0	0.0	179.16	-0.95	-38.919	28.15	63471	63046	5125
 2024-12-17 4:54:59.781	0.0161	0.0146	-1.0049	0.0	0.0	0.0	179.16	-0.95	-38.919	28.15	63471	63041	5127
 2024-12-17 4:54:59.791	0.0161	0.0146	-1.0044	0.0	0.0	0.0	179.16	-0.95	-38.919	28.15	63475	63040	5135
 2024-12-17 4:54:59.801	0.0161	0.0146	-1.0044	0.0	0.0	0.0	179.16	-0.95	-38.919	28.15	63481	63042	5141
 2024-12-17 4:54:59.816	0.0161	0.0146	-1.0049	0.0	0.0	0.0	179.16	-0.95	-38.919	28.15	63487	63042	5149
 2024-12-17 4:54:59.826	0.0161	0.0146	-1.0049	0.0	0.0	0.0	179.16	-0.95	-38.919	28.15	63487	63036	5141
 2024-12-17 4:54:59.836	0.0166	0.0142	-1.0049	0.0	0.0	0.0	179.16	-0.95	-38.919	28.15	63487	63032	5136
 2024-12-17 4:54:59.846	0.0166	0.0142	-1.0049	0.0	0.0	0.0	179.16	-0.95	-38.919	28.13	63485	63030	5147
 2024-12-17 4:54:59.856	0.0161	0.0142	-1.0049	0.0	0.0	0.0	179.16	-0.95	-38.919	28.13	63480	63032	5157
 2024-12-17 4:54:59.866	0.0161	0.0142	-1.0049	0.0	0.0	0.0	179.16	-0.95	-38.919	28.15	63478	63032	5161
 2024-12-17 4:54:59.881	0.0166	0.0142	-1.0049	0.0	0.0	0.0	179.16	-0.95	-38.919	28.15	63478	63030	5166
 2024-12-17 4:54:59.891	0.0161	0.0142	-1.0049	0.0	0.0	0.0	179.16	-0.95	-38.919	28.15	63479	63035	5179
 2024-12-17 4:54:59.901	0.0161	0.0142	-1.0049	0.0	0.0	0.0	179.16	-0.95	-38.919	28.15	63478	63039	5181
 2024-12-17 4:54:59.911	0.0161	0.0142	-1.0044	0.0	0.0	0.0	179.16	-0.95	-38.919	28.18	63480	63037	5186
 2024-12-17 4:54:59.921	0.0161	0.0142	-1.0044	0.0	0.0	0.0	179.16	-0.95	-38.919	28.18	63483	63037	5190
 2024-12-17 4:54:59.931	0.0166	0.0151	-1.0049	0.0	0.0	0.0	179.16	-0.95	-38.919	28.12	63484	63036	5184
 2024-12-17 4:54:59.941	0.0166	0.0151	-1.0049	0.0	0.0	0.0	179.16	-0.95	-38.919	28.12	63483	63036	5182
 2024-12-17 4:54:59.951	0.0166	0.0146	-1.0044	0.0	0.0	0.0	179.16	-0.95	-38.919	28.12	63476	63037	5182
 2024-12-17 4:54:59.961	0.0166	0.0146	-1.0044	0.0	0.0	0.0	179.16	-0.95	-38.919	28.12	63473	63039	5184
 2024-12-17 4:54:59.976	0.0166	0.0146	-1.0049	0.0	0.0	0.0	179.16	-0.95	-38.919	28.13	63509	63054	5181
 2024-12-17 4:54:59.986	0.0166	0.0146	-1.0049	0.0	0.0	0.0	179.16	-0.95	-38.919	28.15	63483	63042	5177
 2024-12-17 4:54:59.996	0.0161	0.0142	-1.0049	0.0	0.0	0.0	179.16	-0.95	-38.919	28.15	63482	63041	5170
 2024-12-17 4:55:0.6	0.0161	0.0142	-1.0049	0.0	0.0	0.0	179.16	-0.95	-38.919	28.15	63476	63039	5171
 2024-12-17 4:55:0.16	0.0161	0.0146	-1.0044	0.0	0.0	0.0	179.16	-0.95	-38.919	28.15	63473	63035	5177
 2024-12-17 4:55:0.26	0.0166	0.0146	-1.0044	0.0	0.0	0.0	179.16	-0.95	-38.919	28.15	63477	63036	5180
 2024-12-17 4:55:0.41	0.0166	0.0146	-1.0044	0.0	0.0	0.0	179.16	-0.95	-38.919	28.15	63485	63039	5180
 2024-12-17 4:55:0.51	0.0166	0.0146	-1.0049	0.0	0.0	0.0	179.16	-0.95	-38.919	28.17	63490	63037	5177
 2024-12-17 4:55:0.61	0.0166	0.0146	-1.0049	0.0	0.0	0.0	179.16	-0.95	-38.919	28.17	63490	63037	5174
 2024-12-17 4:55:0.71	0.0166	0.0146	-1.0049	0.0	0.0	0.0	179.16	-0.95	-38.919	28.13	63485	63039	5169
 2024-12-17 4:55:0.81	0.0166	0.0146	-1.0049	0.0	0.0	0.0	179.16	-0.95	-38.919	28.13	63480	63040	5165
 2024-12-17 4:55:0.91	0.0166	0.0146	-1.0044	0.0	0.0	0.0	179.16	-0.95	-38.919	28.15	63479	63035	5159
 2024-12-17 4:55:0.101	0.0166	0.0146	-1.0044	0.0	0.0	0.0	179.16	-0.95	-38.919	28.15	63477	63031	5157
 2024-12-17 4:55:0.111	0.0161	0.0146	-1.0049	0.0	0.0	0.0	179.16	-0.95	-38.919	28.15	63480	63030	5161
 2024-12-17 4:55:0.126	0.0161	0.0146	-1.0049	0.0	0.0	0.0	179.16	-0.95	-38.919	28.18	63487	63031	5169
 2024-12-17 4:55:0.136	0.0156	0.0146	-1.0044	0.0	0.0	0.0	179.16	-0.95	-38.919	28.18	63491	63035	5173
 2024-12-17 4:55:0.146	0.0156	0.0146	-1.0044	0.0	0.0	0.0	179.16	-0.95	-38.919	28.17	63494	63037	5170
 2024-12-17 4:55:0.156	0.0166	0.0151	-1.0049	0.0	0.0	0.0	179.16	-0.95	-38.919	28.17	63494	63038	5167
 2024-12-17 4:55:0.166	0.0166	0.0151	-1.0049	0.0	0.0	0.0	179.16	-0.95	-38.919	28.15	63493	63037	5162
 2024-12-17 4:55:0.176	0.0166	0.0142	-1.0049	0.0	0.0	0.0	179.16	-0.95	-38.919	28.15	63490	63037	5161
 2024-12-17 4:55:0.186	0.0161	0.0146	-1.0054	0.0	0.0	0.0	179.16	-0.95	-38.919	28.15	63485	63042	5162
 2024-12-17 4:55:0.196	0.0161	0.0146	-1.0054	0.0	0.0	0.0	179.16	-0.95	-38.919	28.15	63485	63044	5162
 2024-12-17 4:55:0.211	0.0166	0.0151	-1.0049	0.0	0.0	0.0	179.16	-0.95	-38.919	28.09	63483	63039	5162
 2024-12-17 4:55:0.221	0.0166	0.0151	-1.0049	0.0	0.0	0.0	179.16	-0.95	-38.919	28.09	63474	63032	5162
 2024-12-17 4:55:0.231	0.0166	0.0146	-1.0049	0.0	0.0	0.0	179.16	-0.95	-38.919	28.17	63471	63031	5162
 2024-12-17 4:55:0.241	0.0166	0.0146	-1.0049	0.0	0.0	0.0	179.16	-0.95	-38.919	28.17	63470	63032	5162
 2024-12-17 4:55:0.251	0.0161	0.0142	-1.0049	0.0	0.0	0.0	179.16	-0.95	-38.919	28.13	63470	63037	5161
 2024-12-17 4:55:0.261	0.0161	0.0142	-1.0049	0.0	0.0	0.0	179.16	-0.95	-38.919	28.13	63473	63037	5163
 2024-12-17 4:55:0.276	0.0166	0.0146	-1.0049	0.0	0.0	0.0	179.16	-0.95	-38.919	28.18	63479	63035	5167
 2024-12-17 4:55:0.286	0.0166	0.0146	-1.0049	0.0	0.0	0.0	179.16	-0.95	-38.919	28.15	63488	63032	5163
 2024-12-17 4:55:0.296	0.0171	0.0146	-1.0044	0.0	0.0	0.0	179.16	-0.95	-38.919	28.15	63493	63037	5163
 2024-12-17 4:55:0.306	0.0171	0.0146	-1.0044	0.0	0.0	0.0	179.16	-0.95	-38.919	28.13	63494	63044	5168
 2024-12-17 4:55:0.316	0.0156	0.0146	-1.0049	0.0	0.0	0.0	179.16	-0.95	-38.919	28.13	63490	63045	5172
 2024-12-17 4:55:0.326	0.0156	0.0146	-1.0049	0.0	0.0	0.0	179.16	-0.95	-38.919	28.15	63485	63045	5171
 2024-12-17 4:55:0.336	0.0166	0.0142	-1.0044	0.0	0.0	0.0	179.16	-0.95	-38.919	28.15	63484	63042	5170
 2024-12-17 4:55:0.346	0.0161	0.0137	-1.0049	0.0	0.0	0.0	179.16	-0.95	-38.919	28.15	63485	63043	5171
 2024-12-17 4:55:0.361	0.0161	0.0137	-1.0049	0.0	0.0	0.0	179.16	-0.95	-38.919	28.15	63484	63045	5168
 2024-12-17 4:55:0.371	0.0166	0.0142	-1.0054	0.0	0.0	0.0	179.16	-0.95	-38.919	28.15	63484	63042	5168
 2024-12-17 4:55:0.381	0.0166	0.0142	-1.0054	0.0	0.0	0.0	179.16	-0.95	-38.919	28.15	63479	63032	5176
 2024-12-17 4:55:0.391	0.0166	0.0146	-1.0054	0.0	0.0	0.0	179.16	-0.95	-38.919	28.17	63473	63031	5178
 2024-12-17 4:55:0.401	0.0166	0.0146	-1.0054	0.0	0.0	0.0	179.16	-0.95	-38.919	28.17	63473	63037	5176
 2024-12-17 4:55:0.411	0.0166	0.0151	-1.0049	0.0	0.0	0.0	179.16	-0.95	-38.919	28.15	63478	63038	5176
 2024-12-17 4:55:0.421	0.0166	0.0151	-1.0049	0.0	0.0	0.0	179.16	-0.95	-38.919	28.15	63482	63036	5176
 2024-12-17 4:55:0.436	0.0161	0.0142	-1.0044	0.0	0.0	0.0	179.16	-0.95	-38.919	28.18	63464	63013	5207
 2024-12-17 4:55:0.446	0.0161	0.0142	-1.0044	0.0	0.0	0.0	179.16	-0.95	-38.919	28.17	63476	63029	5189
 2024-12-17 4:55:0.456	0.0166	0.0146	-1.0049	0.0	0.0	0.0	179.16	-0.95	-38.919	28.17	63474	63027	5194
 2024-12-17 4:55:0.466	0.0166	0.0146	-1.0049	0.0	0.0	0.0	179.16	-0.95	-38.919	28.12	63473	63029	5194
 2024-12-17 4:55:0.476	0.0166	0.0142	-1.0044	0.0	0.0	0.0	179.16	-0.95	-38.919	28.12	63473	63030	5186
 2024-12-17 4:55:0.486	0.0166	0.0142	-1.0044	0.0	0.0	0.0	179.16	-0.95	-38.919	28.13	63474	63026	5178
 2024-12-17 4:55:0.496	0.0166	0.0146	-1.0049	0.0	0.0	0.0	179.16	-0.95	-38.919	28.13	63481	63025	5177
 2024-12-17 4:55:0.511	0.0171	0.0146	-1.0044	0.0	0.0	0.0	179.16	-0.95	-38.919	28.15	63485	63026	5172
 2024-12-17 4:55:0.521	0.0171	0.0146	-1.0044	0.0	0.0	0.0	179.16	-0.95	-38.919	28.15	63485	63030	5166
 2024-12-17 4:55:0.531	0.0161	0.0142	-1.0049	0.0	0.0	0.0	179.16	-0.95	-38.919	28.17	63486	63036	5159
 2024-12-17 4:55:0.541	0.0161	0.0142	-1.0049	0.0	0.0	0.0	179.16	-0.95	-38.919	28.17	63488	63036	5160
 2024-12-17 4:55:0.551	0.0166	0.0151	-1.0044	0.0	0.0	0.0	179.16	-0.95	-38.919	28.17	63488	63035	5158
 2024-12-17 4:55:0.561	0.0166	0.0151	-1.0044	0.0	0.0	0.0	179.16	-0.95	-38.919	28.17	63487	63033	5158
 2024-12-17 4:55:0.571	0.0161	0.0146	-1.0044	0.0	0.0	0.0	179.16	-0.95	-38.919	28.15	63483	63028	5160
 2024-12-17 4:55:0.586	0.0161	0.0146	-1.0044	0.0	0.0	0.0	179.16	-0.95	-38.919	28.15	63516	63001	5168
 2024-12-17 4:55:0.596	0.0161	0.0142	-1.0049	0.0	0.0	0.0	179.16	-0.95	-38.919	28.15	63493	63020	5164
 2024-12-17 4:55:0.606	0.0161	0.0142	-1.0049	0.0	0.0	0.0	179.16	-0.95	-38.919	28.13	63498	63021	5168
 2024-12-17 4:55:0.771	0.0166	0.0142	-1.0044	0.0	0.0	0.0	179.16	-0.95	-38.919	28.15	63459	63043	5172
 2024-12-17 4:55:0.781	0.0166	0.0142	-1.0044	0.0	0.0	0.0	179.16	-0.95	-38.919	28.15	63464	63041	5169
 2024-12-17 4:55:0.796	0.0166	0.0151	-1.0044	0.0	0.0	0.0	179.16	-0.95	-38.919	28.18	63468	63040	5159
 2024-12-17 4:55:0.961	0.0161	0.0146	-1.0044	0.0	0.0	0.0	179.16	-0.95	-38.919	28.13	63472	63031	5189
 2024-12-17 4:55:0.971	0.0156	0.0146	-1.0049	0.0	0.0	0.0	179.16	-0.95	-38.919	28.13	63474	63031	5192
 2024-12-17 4:55:0.981	0.0156	0.0146	-1.0049	0.0	0.0	0.0	179.16	-0.95	-38.919	28.13	63475	63031	5187
 2024-12-17 4:55:0.991	0.0161	0.0142	-1.0049	0.0	0.0	0.0	179.16	-0.95	-38.919	28.13	63475	63028	5173
 2024-12-17 4:55:1.6	0.0161	0.0142	-1.0049	0.0	0.0	0.0	179.16	-0.95	-38.919	28.17	63476	63025	5156
 2024-12-17 4:55:1.16	0.0171	0.0151	-1.0054	0.0	0.0	0.0	179.16	-0.95	-38.919	28.17	63478	63024	5139
 2024-12-17 4:55:1.26	0.0171	0.0151	-1.0054	0.0	0.0	0.0	179.16	-0.95	-38.919	28.15	63479	63026	5137
 2024-12-17 4:55:1.36	0.0166	0.0146	-1.0049	0.0	0.0	0.0	179.16	-0.95	-38.919	28.15	63473	63028	5144
 2024-12-17 4:55:1.46	0.0166	0.0146	-1.0049	0.0	0.0	0.0	179.16	-0.95	-38.919	28.13	63469	63026	5152
 2024-12-17 4:55:1.56	0.0166	0.0137	-1.0049	0.0	0.0	0.0	179.16	-0.95	-38.919	28.13	63466	63026	5160
 2024-12-17 4:55:1.66	0.0166	0.0137	-1.0049	0.0	0.0	0.0	179.16	-0.95	-38.919	28.13	63466	63025	5159
 2024-12-17 4:55:1.76	0.0161	0.0142	-1.0044	0.0	0.0	0.0	179.16	-0.95	-38.919	28.13	63471	63026	5161
 2024-12-17 4:55:1.91	0.0161	0.0146	-1.0049	0.0	0.0	0.0	179.16	-0.95	-38.919	28.15	63471	63027	5161
 2024-12-17 4:55:1.101	0.0161	0.0146	-1.0049	0.0	0.0	0.0	179.16	-0.95	-38.919	28.15	63472	63027	5161
 2024-12-17 4:55:1.111	0.0166	0.0146	-1.0044	0.0	0.0	0.0	179.16	-0.95	-38.919	28.15	63476	63027	5163
 2024-12-17 4:55:1.121	0.0166	0.0146	-1.0044	0.0	0.0	0.0	179.16	-0.95	-38.919	28.15	63477	63031	5167
 2024-12-17 4:55:1.131	0.0171	0.0142	-1.0044	0.0	0.0	0.0	179.16	-0.95	-38.919	28.12	63478	63036	5171
 2024-12-17 4:55:1.141	0.0171	0.0142	-1.0044	0.0	0.0	0.0	179.16	-0.95	-38.919	28.12	63481	63035	5170
 2024-12-17 4:55:1.151	0.0171	0.0146	-1.0044	0.0	0.0	0.0	179.16	-0.95	-38.919	28.13	63483	63030	5166
 2024-12-17 4:55:1.166	0.0171	0.0146	-1.0044	0.0	0.0	0.0	179.16	-0.95	-38.919	28.13	63486	63030	5161
 2024-12-17 4:55:1.176	0.0166	0.0142	-1.0044	0.0	0.0	0.0	179.16	-0.95	-38.919	28.13	63489	63036	5159
 2024-12-17 4:55:1.186	0.0166	0.0142	-1.0044	0.0	0.0	0.0	179.16	-0.95	-38.919	28.15	63491	63039	5164
 2024-12-17 4:55:1.196	0.0161	0.0142	-1.0049	0.0	0.0	0.0	179.16	-0.95	-38.919	28.15	63495	63038	5164
 2024-12-17 4:55:1.211	0.0161	0.0142	-1.0039	0.0	0.0	0.0	179.16	-0.95	-38.919	28.15	63497	63034	5160
 2024-12-17 4:55:1.221	0.0161	0.0142	-1.0039	0.0	0.0	0.0	179.16	-0.95	-38.919	28.15	63493	63029	5158
 2024-12-17 4:55:1.231	0.0166	0.0142	-1.0049	0.0	0.0	0.0	179.16	-0.95	-38.919	28.15	63489	63030	5157
 2024-12-17 4:55:1.241	0.0166	0.0142	-1.0049	0.0	0.0	0.0	179.16	-0.95	-38.919	28.15	63489	63032	5157
 2024-12-17 4:55:1.251	0.0171	0.0142	-1.0049	0.0	0.0	0.0	179.16	-0.95	-38.919	28.17	63487	63032	5163
 2024-12-17 4:55:1.261	0.0171	0.0142	-1.0049	0.0	0.0	0.0	179.16	-0.95	-38.919	28.17	63484	63033	5173
 2024-12-17 4:55:1.271	0.0171	0.0156	-1.0049	0.0	0.0	0.0	179.16	-0.95	-38.919	28.13	63486	63033	5178
 2024-12-17 4:55:1.286	0.0171	0.0156	-1.0049	0.0	0.0	0.0	179.16	-0.95	-38.919	28.13	63488	63028	5182
 2024-12-17 4:55:1.296	0.0161	0.0151	-1.0044	0.0	0.0	0.0	179.16	-0.95	-38.919	28.17	63486	63020	5190
 2024-12-17 4:55:1.306	0.0161	0.0151	-1.0044	0.0	0.0	0.0	179.16	-0.95	-38.919	28.13	63486	63018	5190
 2024-12-17 4:55:1.316	0.0161	0.0146	-1.0049	0.0	0.0	0.0	179.16	-0.95	-38.919	28.13	63482	63020	5185
 2024-12-17 4:55:1.326	0.0161	0.0146	-1.0049	0.0	0.0	0.0	179.16	-0.95	-38.919	28.13	63475	63025	5177
 2024-12-17 4:55:1.336	0.0161	0.0142	-1.0044	0.0	0.0	0.0	179.16	-0.95	-38.919	28.15	63473	63027	5168
 2024-12-17 4:55:1.346	0.0161	0.0142	-1.0044	0.0	0.0	0.0	179.16	-0.95	-38.919	28.15	63471	63027	5158
 2024-12-17 4:55:1.361	0.0161	0.0142	-1.0044	0.0	0.0	0.0	179.16	-0.95	-38.919	28.12	63474	63027	5158
 2024-12-17 4:55:1.371	0.0161	0.0142	-1.0044	0.0	0.0	0.0	179.16	-0.95	-38.919	28.13	63476	63031	5160
 2024-12-17 4:55:1.381	0.0171	0.0146	-1.0044	0.0	0.0	0.0	179.16	-0.95	-38.919	28.13	63476	63038	5144
 2024-12-17 4:55:1.391	0.0171	0.0146	-1.0044	0.0	0.0	0.0	179.16	-0.95	-38.919	28.17	63473	63040	5137
 2024-12-17 4:55:1.401	0.0171	0.0146	-1.0044	0.0	0.0	0.0	179.16	-0.95	-38.919	28.17	63469	63042	5139
 2024-12-17 4:55:1.416	0.0166	0.0142	-1.0049	0.0	0.0	0.0	179.16	-0.95	-38.919	28.17	63462	63041	5137
 2024-12-17 4:55:1.426	0.0166	0.0142	-1.0049	0.0	0.0	0.0	179.16	-0.95	-38.919	28.17	63461	63039	5134
 2024-12-17 4:55:1.436	0.0161	0.0142	-1.0044	0.0	0.0	0.0	179.16	-0.95	-38.919	28.15	63463	63041	5143
 2024-12-17 4:55:1.446	0.0161	0.0142	-1.0044	0.0	0.0	0.0	179.16	-0.95	-38.919	28.15	63462	63039	5153
 2024-12-17 4:55:1.456	0.0161	0.0151	-1.0044	0.0	0.0	0.0	179.16	-0.95	-38.919	28.18	63457	63038	5154
 2024-12-17 4:55:1.466	0.0161	0.0151	-1.0044	0.0	0.0	0.0	179.16	-0.95	-38.919	28.18	63454	63036	5151
 2024-12-17 4:55:1.636	0.0161	0.0146	-1.0049	0.0	0.0	0.0	179.16	-0.95	-38.919	28.15	63462	63033	5151
 2024-12-17 4:55:1.646	0.0161	0.0146	-1.0049	0.0	0.0	0.0	179.16	-0.95	-38.919	28.15	63463	63037	5149
 2024-12-17 4:55:1.656	0.0166	0.0142	-1.0049	0.0	0.0	0.0	179.16	-0.95	-38.919	28.18	63464	63039	5143
 2024-12-17 4:55:1.666	0.0166	0.0142	-1.0049	0.0	0.0	0.0	179.16	-0.95	-38.919	28.18	63464	63039	5134
 2024-12-17 4:55:1.676	0.0166	0.0142	-1.0039	0.0	0.0	0.0	179.16	-0.95	-38.919	28.17	63465	63036	5125
 2024-12-17 4:55:1.691	0.0166	0.0142	-1.0039	0.0	0.0	0.0	179.16	-0.95	-38.919	28.15	63465	63032	5124
 2024-12-17 4:55:1.701	0.0166	0.0151	-1.0044	0.0	0.0	0.0	179.16	-0.95	-38.919	28.15	63474	63038	5140
 2024-12-17 4:55:1.711	0.0166	0.0151	-1.0044	0.0	0.0	0.0	179.16	-0.95	-38.919	28.17	63480	63041	5135
 2024-12-17 4:55:1.721	0.0166	0.0142	-1.0049	0.0	0.0	0.0	179.16	-0.95	-38.919	28.17	63475	63037	5129
 2024-12-17 4:55:1.731	0.0166	0.0142	-1.0049	0.0	0.0	0.0	179.16	-0.95	-38.919	28.15	63470	63035	5129
 2024-12-17 4:55:1.741	0.0166	0.0146	-1.0054	0.0	0.0	0.0	179.16	-0.95	-38.919	28.15	63469	63035	5126
 2024-12-17 4:55:1.751	0.0171	0.0146	-1.0049	0.0	0.0	0.0	179.16	-0.95	-38.919	28.15	63468	63033	5129
 2024-12-17 4:55:1.761	0.0171	0.0146	-1.0049	0.0	0.0	0.0	179.16	-0.95	-38.919	28.15	63471	63032	5138
 2024-12-17 4:55:1.776	0.0166	0.0146	-1.0049	0.0	0.0	0.0	179.16	-0.95	-38.919	28.13	63476	63030	5142
 2024-12-17 4:55:1.786	0.0166	0.0146	-1.0049	0.0	0.0	0.0	179.16	-0.95	-38.919	28.13	63477	63013	5136
 2024-12-17 4:55:1.796	0.0166	0.0142	-1.0049	0.0	0.0	0.0	179.16	-0.95	-38.919	28.15	63478	63025	5134
 2024-12-17 4:55:1.806	0.0166	0.0142	-1.0049	0.0	0.0	0.0	179.16	-0.95	-38.919	28.15	63481	63026	5120
 2024-12-17 4:55:1.816	0.0161	0.0142	-1.0054	0.0	0.0	0.0	179.16	-0.95	-38.919	28.15	63481	63029	5115
 2024-12-17 4:55:1.826	0.0161	0.0142	-1.0054	0.0	0.0	0.0	179.16	-0.95	-38.919	28.15	63479	63027	5121
 2024-12-17 4:55:1.836	0.0161	0.0146	-1.0049	0.0	0.0	0.0	179.16	-0.95	-38.919	28.18	63479	63026	5135
 2024-12-17 4:55:1.846	0.0161	0.0146	-1.0049	0.0	0.0	0.0	179.16	-0.95	-38.919	28.18	63479	63028	5145
 2024-12-17 4:55:1.856	0.0161	0.0146	-1.0044	0.0	0.0	0.0	179.16	-0.95	-38.919	28.12	63475	63032	5155
 2024-12-17 4:55:1.866	0.0161	0.0146	-1.0044	0.0	0.0	0.0	179.16	-0.95	-38.919	28.12	63465	63035	5165
 2024-12-17 4:55:1.881	0.0166	0.0146	-1.0049	0.0	0.0	0.0	179.16	-0.95	-38.919	28.17	63445	63033	5144
 2024-12-17 4:55:1.891	0.0166	0.0146	-1.0049	0.0	0.0	0.0	179.16	-0.95	-38.919	28.15	63456	63034	5154
 2024-12-17 4:55:1.901	0.0171	0.0146	-1.0044	0.0	0.0	0.0	179.16	-0.95	-38.919	28.15	63460	63036	5148
 2024-12-17 4:55:1.911	0.0171	0.0146	-1.0044	0.0	0.0	0.0	179.16	-0.95	-38.919	28.13	63464	63040	5151
 2024-12-17 4:55:1.921	0.0166	0.0146	-1.0049	0.0	0.0	0.0	179.16	-0.95	-38.919	28.13	63471	63045	5154
 2024-12-17 4:55:1.931	0.0166	0.0146	-1.0049	0.0	0.0	0.0	179.16	-0.95	-38.919	28.15	63478	63047	5152
 2024-12-17 4:55:1.941	0.0161	0.0142	-1.0044	0.0	0.0	0.0	179.16	-0.95	-38.919	28.15	63482	63048	5151
 2024-12-17 4:55:1.951	0.0161	0.0142	-1.0044	0.0	0.0	0.0	179.16	-0.95	-38.919	28.15	63481	63047	5145
 2024-12-17 4:55:1.966	0.0161	0.0142	-1.0044	0.0	0.0	0.0	179.16	-0.95	-38.919	28.15	63481	63042	5142
 2024-12-17 4:55:1.976	0.0166	0.0146	-1.0044	0.0	0.0	0.0	179.16	-0.95	-38.919	28.17	63483	63038	5151
 2024-12-17 4:55:1.986	0.0166	0.0146	-1.0044	0.0	0.0	0.0	179.16	-0.95	-38.919	28.17	63481	63034	5156
 2024-12-17 4:55:1.996	0.0171	0.0146	-1.0049	0.0	0.0	0.0	179.16	-0.95	-38.919	28.15	63478	63036	5156
 2024-12-17 4:55:2.6	0.0171	0.0146	-1.0049	0.0	0.0	0.0	179.16	-0.95	-38.919	28.15	63479	63037	5155
 2024-12-17 4:55:2.16	0.0171	0.0146	-1.0044	0.0	0.0	0.0	179.16	-0.95	-38.919	28.15	63479	63038	5155
 2024-12-17 4:55:2.26	0.0171	0.0146	-1.0044	0.0	0.0	0.0	179.16	-0.95	-38.919	28.15	63479	63035	5162
 2024-12-17 4:55:2.36	0.0166	0.0146	-1.0044	0.0	0.0	0.0	179.16	-0.95	-38.919	28.15	63482	63030	5170
 2024-12-17 4:55:2.46	0.0166	0.0146	-1.0044	0.0	0.0	0.0	179.16	-0.95	-38.919	28.15	63482	63030	5162
 2024-12-17 4:55:2.61	0.0161	0.0146	-1.0049	0.0	0.0	0.0	179.16	-0.95	-38.919	28.13	63482	63032	5159
 2024-12-17 4:55:2.71	0.0161	0.0146	-1.0049	0.0	0.0	0.0	179.16	-0.95	-38.919	28.15	63484	63029	5158
 2024-12-17 4:55:2.81	0.0156	0.0142	-1.0049	0.0	0.0	0.0	179.16	-0.95	-38.919	28.15	63487	63028	5159
 2024-12-17 4:55:2.91	0.0156	0.0142	-1.0049	0.0	0.0	0.0	179.16	-0.95	-38.919	28.1	63486	63026	5163
 2024-12-17 4:55:2.101	0.0166	0.0146	-1.0044	0.0	0.0	0.0	179.16	-0.95	-38.919	28.1	63484	63024	5170
 2024-12-17 4:55:2.111	0.0166	0.0146	-1.0044	0.0	0.0	0.0	179.16	-0.95	-38.919	28.13	63482	63020	5174
 2024-12-17 4:55:2.121	0.0166	0.0146	-1.0044	0.0	0.0	0.0	179.16	-0.95	-38.919	28.13	63482	63017	5171
 2024-12-17 4:55:2.136	0.0166	0.0146	-1.0049	0.0	0.0	0.0	179.16	-0.95	-38.919	28.18	63482	63016	5167
 2024-12-17 4:55:2.146	0.0166	0.0146	-1.0049	0.0	0.0	0.0	179.16	-0.95	-38.919	28.18	63486	63021	5166
 2024-12-17 4:55:2.156	0.0161	0.0146	-1.0044	0.0	0.0	0.0	179.16	-0.95	-38.919	28.17	63492	63023	5167
 2024-12-17 4:55:2.166	0.0161	0.0146	-1.0044	0.0	0.0	0.0	179.16	-0.95	-38.919	28.17	63496	63027	5168
 2024-12-17 4:55:2.176	0.0166	0.0146	-1.0049	0.0	0.0	0.0	179.16	-0.95	-38.919	28.15	63497	63028	5171
 2024-12-17 4:55:2.186	0.0166	0.0146	-1.0049	0.0	0.0	0.0	179.16	-0.95	-38.919	28.15	63497	63026	5168
 2024-12-17 4:55:2.196	0.0166	0.0142	-1.0049	0.0	0.0	0.0	179.16	-0.95	-38.919	28.17	63496	63026	5159
 2024-12-17 4:55:2.206	0.0166	0.0142	-1.0049	0.0	0.0	0.0	179.16	-0.95	-38.919	28.17	63496	63030	5153
 2024-12-17 4:55:2.216	0.0161	0.0146	-1.0044	0.0	0.0	0.0	179.16	-0.95	-38.919	28.15	63498	63032	5156
 2024-12-17 4:55:2.231	0.0161	0.0146	-1.0044	0.0	0.0	0.0	179.16	-0.95	-38.919	28.13	63497	63029	5155
 2024-12-17 4:55:2.241	0.0166	0.0151	-1.0049	0.0	0.0	0.0	179.16	-0.95	-38.919	28.13	63495	63028	5161
 2024-12-17 4:55:2.251	0.0166	0.0151	-1.0049	0.0	0.0	0.0	179.16	-0.95	-38.919	28.15	63494	63030	5165
 2024-12-17 4:55:2.261	0.0171	0.0151	-1.0049	0.0	0.0	0.0	179.16	-0.95	-38.919	28.15	63496	63028	5171
 2024-12-17 4:55:2.271	0.0171	0.0151	-1.0049	0.0	0.0	0.0	179.16	-0.95	-38.919	28.12	63496	63027	5172
 2024-12-17 4:55:2.281	0.0166	0.0142	-1.0049	0.0	0.0	0.0	179.16	-0.95	-38.919	28.12	63495	63025	5171
 2024-12-17 4:55:2.291	0.0161	0.0142	-1.0044	0.0	0.0	0.0	179.16	-0.95	-38.919	28.15	63492	63024	5173
 2024-12-17 4:55:2.301	0.0161	0.0142	-1.0044	0.0	0.0	0.0	179.16	-0.95	-38.919	28.15	63491	63026	5174
 2024-12-17 4:55:2.316	0.0171	0.0146	-1.0049	0.0	0.0	0.0	179.16	-0.95	-38.919	28.17	63486	63028	5179
 2024-12-17 4:55:2.326	0.0171	0.0146	-1.0049	0.0	0.0	0.0	179.16	-0.95	-38.919	28.17	63477	63025	5181
 2024-12-17 4:55:2.336	0.0166	0.0142	-1.0044	0.0	0.0	0.0	179.16	-0.95	-38.919	28.13	63475	63018	5185
 2024-12-17 4:55:2.346	0.0166	0.0142	-1.0044	0.0	0.0	0.0	179.16	-0.95	-38.919	28.13	63476	63017	5182
 2024-12-17 4:55:2.356	0.0166	0.0142	-1.0044	0.0	0.0	0.0	179.16	-0.95	-38.919	28.13	63477	63018	5176
 2024-12-17 4:55:2.366	0.0166	0.0142	-1.0044	0.0	0.0	0.0	179.16	-0.95	-38.919	28.13	63482	63017	5173
 2024-12-17 4:55:2.376	0.0161	0.0151	-1.0049	0.0	0.0	0.0	179.16	-0.95	-38.919	28.15	63487	63014	5172
 2024-12-17 4:55:2.386	0.0161	0.0151	-1.0049	0.0	0.0	0.0	179.16	-0.95	-38.919	28.15	63488	63014	5170
 2024-12-17 4:55:2.396	0.0166	0.0151	-1.0049	0.0	0.0	0.0	179.16	-0.95	-38.919	28.12	63484	63019	5171
 2024-12-17 4:55:2.411	0.0166	0.0151	-1.0049	0.0	0.0	0.0	179.16	-0.95	-38.919	28.15	63481	63025	5171
 2024-12-17 4:55:2.421	0.0166	0.0142	-1.0044	0.0	0.0	0.0	179.16	-0.95	-38.919	28.15	63482	63028	5170
 2024-12-17 4:55:2.431	0.0166	0.0142	-1.0044	0.0	0.0	0.0	179.16	-0.95	-38.919	28.15	63483	63028	5168
 2024-12-17 4:55:2.441	0.0166	0.0142	-1.0044	0.0	0.0	0.0	179.16	-0.95	-38.919	28.15	63484	63027	5165
 2024-12-17 4:55:2.451	0.0166	0.0142	-1.0044	0.0	0.0	0.0	179.16	-0.95	-38.919	28.17	63487	63026	5162
 2024-12-17 4:55:2.461	0.0166	0.0142	-1.0044	0.0	0.0	0.0	179.16	-0.95	-38.919	28.17	63487	63029	5161
 2024-12-17 4:55:2.471	0.0171	0.0146	-1.0039	0.0	0.0	0.0	179.16	-0.95	-38.919	28.15	63481	63031	5163
 2024-12-17 4:55:2.486	0.0171	0.0146	-1.0039	0.0	0.0	0.0	179.16	-0.95	-38.919	28.15	63477	63031	5166
 2024-12-17 4:55:2.496	0.0166	0.0146	-1.0049	0.0	0.0	0.0	179.16	-0.95	-38.919	28.15	63507	63033	5198
 2024-12-17 4:55:2.506	0.0166	0.0146	-1.0049	0.0	0.0	0.0	179.16	-0.95	-38.919	28.15	63486	63035	5174
 2024-12-17 4:55:2.516	0.0166	0.0146	-1.0044	0.0	0.0	0.0	179.16	-0.95	-38.919	28.12	63489	63038	5179
 2024-12-17 4:55:2.526	0.0166	0.0146	-1.0044	0.0	0.0	0.0	179.16	-0.95	-38.919	28.12	63490	63039	5176
 2024-12-17 4:55:2.536	0.0161	0.0146	-1.0044	0.0	0.0	0.0	179.16	-0.95	-38.919	28.12	63496	63038	5173
 2024-12-17 4:55:2.546	0.0161	0.0146	-1.0044	0.0	0.0	0.0	179.16	-0.95	-38.919	28.12	63500	63035	5175
 2024-12-17 4:55:2.561	0.0171	0.0146	-1.0044	0.0	0.0	0.0	179.16	-0.95	-38.919	28.15	63499	63034	5176
 2024-12-17 4:55:2.571	0.0171	0.0146	-1.0044	0.0	0.0	0.0	179.16	-0.95	-38.919	28.15	63460	63065	5155
 2024-12-17 4:55:2.581	0.0161	0.0146	-1.0044	0.0	0.0	0.0	179.16	-0.95	-38.919	28.15	63485	63043	5171
 2024-12-17 4:55:2.591	0.0161	0.0146	-1.0044	0.0	0.0	0.0	179.16	-0.95	-38.919	28.15	63483	63042	5168
 2024-12-17 4:55:2.601	0.0166	0.0146	-1.0049	0.0	0.0	0.0	179.16	-0.95	-38.919	28.15	63484	63039	5168
 2024-12-17 4:55:2.611	0.0166	0.0146	-1.0049	0.0	0.0	0.0	179.16	-0.95	-38.919	28.13	63482	63038	5164
 2024-12-17 4:55:2.621	0.0161	0.0146	-1.0044	0.0	0.0	0.0	179.16	-0.956	-38.919	28.13	63482	63039	5162
 2024-12-17 4:55:2.631	0.0166	0.0146	-1.0044	0.0	0.0	0.0	179.16	-0.956	-38.919	28.13	63483	63041	5161
 2024-12-17 4:55:2.641	0.0166	0.0146	-1.0044	0.0	0.0	0.0	179.16	-0.956	-38.919	28.13	63483	63042	5164
 2024-12-17 4:55:2.656	0.0161	0.0151	-1.0044	0.0	0.0	0.0	179.16	-0.956	-38.919	28.15	63479	63036	5168
 2024-12-17 4:55:2.666	0.0161	0.0151	-1.0044	0.0	0.0	0.0	179.16	-0.956	-38.919	28.15	63496	63018	5183
 2024-12-17 4:55:2.676	0.0161	0.0142	-1.0044	0.0	0.0	0.0	179.16	-0.95	-38.919	28.15	63484	63027	5175
 2024-12-17 4:55:2.686	0.0161	0.0142	-1.0044	0.0	0.0	0.0	179.16	-0.95	-38.919	28.15	63480	63029	5173
 2024-12-17 4:55:2.696	0.0166	0.0146	-1.0044	0.0	0.0	0.0	179.16	-0.95	-38.919	28.13	63476	63033	5179
 2024-12-17 4:55:2.706	0.0166	0.0146	-1.0044	0.0	0.0	0.0	179.16	-0.95	-38.919	28.13	63476	63032	5182
 2024-12-17 4:55:2.716	0.0171	0.0142	-1.0044	0.0	0.0	0.0	179.16	-0.95	-38.919	28.15	63478	63026	5175
 2024-12-17 4:55:2.726	0.0171	0.0142	-1.0044	0.0	0.0	0.0	179.16	-0.95	-38.919	28.15	63478	63023	5169
 2024-12-17 4:55:2.736	0.0166	0.0137	-1.0049	0.0	0.0	0.0	179.16	-0.95	-38.919	28.18	63481	63023	5166
 2024-12-17 4:55:2.751	0.0166	0.0137	-1.0049	0.0	0.0	0.0	179.16	-0.95	-38.919	28.17	63484	63023	5158
 2024-12-17 4:55:2.761	0.0166	0.0156	-1.0044	0.0	0.0	0.0	179.16	-0.95	-38.919	28.17	63486	63025	5150
 2024-12-17 4:55:2.771	0.0166	0.0156	-1.0044	0.0	0.0	0.0	179.16	-0.95	-38.919	28.13	63489	63029	5150
 2024-12-17 4:55:2.781	0.0166	0.0156	-1.0044	0.0	0.0	0.0	179.16	-0.956	-38.919	28.13	63491	63033	5151
 2024-12-17 4:55:2.791	0.0166	0.0156	-1.0044	0.0	0.0	0.0	179.16	-0.956	-38.919	28.15	63495	63031	5153
 2024-12-17 4:55:2.801	0.0161	0.0142	-1.0044	0.0	0.0	0.0	179.16	-0.956	-38.919	28.15	63494	63027	5154
 2024-12-17 4:55:2.811	0.0161	0.0142	-1.0044	0.0	0.0	0.0	179.16	-0.956	-38.919	28.13	63488	63027	5153
 2024-12-17 4:55:2.821	0.0166	0.0137	-1.0044	0.0	0.0	0.0	179.16	-0.956	-38.919	28.13	63485	63031	5157
